Data	Labels
16.308935639156978	0
12.128478962372201	0
39.023251757041564	0
-30.20830823983674	0
58.721242166420794	0
28.175290030934306	0
-3.0095975029043167	0
16.03415446971758	0
21.441331441190723	0
75.60781132130559	0
42.04286116672904	0
20.77686068049635	0
-5.971617998347478	0
31.72235976041485	0
-15.600439222271586	0
75.80806982267652	0
-35.34579810412443	0
50.35083338007137	0
-35.500212119526026	0
-1.357902956934371	0
-13.517530559102664	0
-6.576854273534234	0
-11.208902904163402	0
22.075156473961307	0
-18.68581581253959	0
23.598552088135015	0
72.05349856548673	0
12.143640214560438	0
28.228755350957908	0
3.8702307178297373	0
77.4268648587585	0
60.85380659953103	0
-21.470375108103024	0
72.42632695667518	0
-23.90977535594225	0
-10.131938736248276	0
37.556602204926676	0
-0.8809941471214255	0
142.71403103409037	0
-10.756089429224499	0
26.47481853554216	0
-47.00153553499703	0
-32.005897890424706	0
-62.20734575534895	0
-16.058037266608604	0
6.4923986200666475	0
36.44864308881749	0
-21.046829543502227	0
-18.177658107226787	0
54.953183434237864	0
-4.684445861751934	0
-10.434576993877112	0
-11.92529780448604	0
-29.772207773094365	0
-4.673176986057966	0
-64.25132803184987	0
-18.4072301394193	0
45.99383498000487	0
6.520992440589923	0
-4.888711723677085	0
12.536383708114435	0
16.039696707904277	0
45.100646951006716	0
19.475181214962717	0
-2.6798088547139383	0
-51.070708218506404	0
-10.48849620509461	0
10.92562652646109	0
-15.559341545250277	0
-6.857031579634278	0
-35.72915352452662	0
13.433943116502334	0
-40.26440480510546	0
2.8479848592684363	0
21.350423106193315	0
32.734983591759004	0
9.255356376568313	0
-10.285955525999928	0
69.05439530872022	0
46.4844982362106	0
-1.565910191595563	0
-2.625913365063079	0
23.652090229710986	0
16.41731312328342	0
-17.21354955710501	0
-26.434046961337742	0
58.90885535041008	0
-32.15879554181375	0
-20.883677678633866	0
65.06077521141515	0
20.517549566719637	0
26.058024139845003	0
34.8379000453868	0
34.5621138616046	0
76.57057221156325	0
0.6998593758087868	0
-7.200558571952701	0
96.36205043833941	0
45.34503962018444	0
84.78565648523816	0
-33.05248708640778	0
-0.6537357282496234	0
75.51911596909869	0
49.59619859338782	0
-58.94012865239499	0
-7.638466220049143	0
22.466144177619817	0
-9.813771486091635	0
34.92472808217806	0
-10.341734287121191	0
32.51792560146065	0
-84.20413484092312	0
48.497092336364005	0
-6.717976984529908	0
7.448674925736693	0
42.4264111446544	0
74.99304629368386	0
31.83909437288324	0
-6.95034544912782	0
53.639854279753486	0
-10.989135890002874	0
-0.7800043983224363	0
52.60692635832872	0
-53.28467596866385	0
-11.170505134503045	0
21.821737555133023	0
-20.256234854118553	0
-25.471478216363238	0
23.264047325208928	0
-8.916370164027686	0
42.93003847838949	0
-15.771610698839655	0
70.76435388397368	0
54.630839863141844	0
24.88052633382628	0
54.48621586437691	0
-3.86854476912667	0
-12.078074293920263	0
30.361234844581794	0
-30.252683918835906	0
87.26102945023122	0
1.929601348522544	0
7.524171945590094	0
7.62097215680889	0
4.514748514530761	0
48.68019723493437	0
-63.40501324648052	0
-90.99893432356178	0
31.068337784102315	0
9.236179058519223	0
17.780646765020688	0
39.65414292682393	0
47.62909252731999	0
15.349829423987014	0
-23.929913912105597	0
68.941856353805	0
43.242529165859466	0
-1.0321138365729343	0
0.8373540695208934	0
-47.502339693042266	0
78.9741557102462	0
26.58826392850998	0
23.891689970703574	0
17.541302872685815	0
37.17573277936253	0
15.302572217600414	0
87.21042154158496	0
87.72366153589024	0
21.02880076804306	0
-51.54599911372427	0
39.23614517926311	0
3.2689000939958843	0
31.799237615409098	0
10.588891404247237	0
14.521602970543215	0
18.618645690434725	0
88.02723023224999	0
4.884156720978395	0
9.181719838006218	0
-4.261227647493394	0
83.68849560191806	0
-10.24760372856094	0
25.759716673517353	0
-6.993163322668103	0
24.235431685481842	0
-15.931734813062622	0
-13.899577573741542	0
7.168490215118757	0
39.12490425320728	0
90.47427083413241	0
7.30272311467462	0
-23.68537738608329	0
-81.27762666733683	0
-65.75124132776926	0
-1.4771997884276438	0
-35.168721159331504	0
-6.128799753553736	0
26.304395165401232	0
28.55177166007741	0
45.4107054775062	0
-51.24430765828809	0
22.335588855567273	0
49.95484010092893	0
-52.51047043656565	0
27.803546743032634	0
-37.36031423793718	0
-30.091943009243288	0
-63.32959757862197	0
62.68243016773069	0
-33.56413236187094	0
-1.8405351076541763	0
4.766602470499335	0
-23.68673785298065	0
33.46699737613076	0
-10.334774525508923	0
-17.27984660085507	0
79.2253588805656	0
-12.141712937338038	0
-3.7200804160049987	0
65.73526732425876	0
19.910766558820278	0
-122.59766252036496	0
9.29271412297943	0
33.21449644736246	0
-32.7483042026321	0
61.13847144989448	0
5.8771034484679445	0
32.17939369380977	0
-51.76763311421335	0
-7.833646546092574	0
11.463755857006786	0
51.699454766916666	0
-4.02216233007211	0
-7.2021440406341775	0
14.000737609044478	0
49.7165188488179	0
-6.4476304091011585	0
50.76379181152218	0
59.111941917678294	0
-30.549147286349317	0
-6.877175063509085	0
-58.49185402020082	0
33.59537612345285	0
-40.259909542794865	0
13.342504349732081	0
-28.152099349441272	0
54.265013261814445	0
-13.935071555846807	0
-2.048484631370817	0
23.48264510075806	0
28.8361618674739	0
1.8041121249818275	0
51.02714873237285	0
107.70917232620533	0
16.50691957928092	0
7.001004220342555	0
-12.722293526672459	0
63.2319743171286	0
-1.1668144030854268	0
1.6270277773828283	0
-16.374476327143036	0
4.031993555206305	0
-5.835850636467784	0
66.42325508533611	0
20.09021522334804	0
-51.4582206061675	0
26.969525720725546	0
-12.558229340926221	0
-9.089915734455271	0
-17.44520055353955	0
-0.0004521799930685688	0
-33.765039114245965	0
73.75315224250775	0
25.69044493119631	0
-45.241205145459034	0
33.43892901602914	0
4.279510480601898	0
9.663696534880142	0
-46.21068979547044	0
8.509114869182932	0
11.439485034870193	0
42.30061881329174	0
4.457506653113271	0
-17.5836935466387	0
-17.620471336037067	0
-28.88818682346737	0
-1.0684288834332776	0
-14.81926950495481	0
39.74927667275084	0
13.639867687777933	0
65.1887873938729	0
21.024154876223488	0
-19.86627047340427	0
22.940731593181045	0
57.255058277062396	0
41.93180463893953	0
-33.5690293857445	0
-14.98826256293567	0
11.38136185207247	0
-11.386600050077792	0
-0.21324328878075782	0
-6.442639130227583	0
-24.292777847799023	0
68.24096997581952	0
26.3362902841354	0
6.447827616881186	0
-57.10706684014504	0
25.938966858340642	0
-13.576771677459721	0
11.15930830111374	0
8.48922672968688	0
24.75608234458278	0
42.10284379867631	0
25.078312348450247	0
36.09800853665621	0
3.9951746841008386	0
-20.720503265602265	0
64.27359470352746	0
59.26251781250396	0
24.10752303758527	0
12.208394800360832	0
74.40558552677612	0
-75.48477963662538	0
0.8562297768691511	0
6.771968087500289	0
39.75298112814042	0
-51.96303486785915	0
92.1244064746319	0
-6.058891338496636	0
6.525855433338917	0
61.14475372963578	0
-2.064457969361511	0
-0.6285623548052381	0
-46.50648689797762	0
18.702441662209132	0
57.99978108667003	0
30.792388143242505	0
51.10549564372086	0
13.87095515633505	0
-0.4609251598554014	0
51.076204848207965	0
23.602222795536946	0
33.224327514469906	0
8.833716776671178	0
44.66580424671884	0
10.876451344988624	0
30.20096792985352	0
48.28737104865896	0
62.20441644985327	0
-33.12907936011303	0
10.598963022455308	0
-17.996189524993355	0
45.31601592336675	0
45.41173032218476	0
23.170902226696303	0
48.339853972814794	0
43.41116980096719	0
40.9462431703806	0
-15.255327837694175	0
66.44734944003639	0
-10.771547367132005	0
-4.136495681386005	0
40.33872470552849	0
81.78455655311433	0
2.4914257652021865	0
11.077765130365194	0
-5.696075822312846	0
32.197342983476176	0
41.49387702769356	0
21.196264624898856	0
-0.8570621242848784	0
-27.22560083064387	0
26.249968763751546	0
26.493629736353657	0
-42.22720732230891	0
-13.992535330492377	0
-53.90908536794942	0
-75.5982268146044	0
28.158667353178124	0
65.2695052745284	0
-25.559577229433813	0
-60.98792510778296	0
39.53893619721646	0
32.82678246705631	0
30.67397427147948	0
-21.698050725976582	0
-35.09421332068891	0
-44.60980839178982	0
-2.141316605836712	0
-4.439414793749227	0
28.248783975856323	0
37.625677517365055	0
1.1728992927465143	0
-26.41612003994838	0
-58.34756126715294	0
0.7270599907150146	0
50.193835390937934	0
12.747044183012788	0
49.325712207016274	0
-60.89828908264323	0
52.613067881575525	0
-10.338905806651951	0
41.07120856337651	0
-21.723396653383958	0
63.25965460523213	0
30.12939668925042	0
-29.294797170462957	0
-0.002354676607465578	0
-23.972698186489325	0
-59.65382237130339	0
-5.962435205197373	0
26.567250924520838	0
10.012311578318998	0
-12.100546646688091	0
-17.830712466662426	0
-5.429271727102789	0
-89.0369323360513	0
-3.4542301976874423	0
-56.91094589388604	0
49.41106929901434	0
-16.775813411026764	0
-97.89594341916793	0
50.718735042937205	0
65.46455688004933	0
30.20421482352022	0
30.710488396895506	0
-11.10725348902902	0
22.270303295833624	0
22.545513801908992	0
-22.642823817275776	0
-24.904141676000577	0
-42.28188868536061	0
-33.82839409701337	0
-46.78947795921439	0
6.164388190054616	0
-38.45807141672761	0
-12.611133257103887	0
21.90877863751502	0
-46.61633699248502	0
-17.06838380324848	0
-1.4349713574331435	0
38.742115092717256	0
100.2927433245339	0
44.32841440144553	0
73.94128758903535	0
19.550828872139473	0
30.418268417543587	0
2.8775138902940682	0
35.50990764845109	0
64.1684371602963	0
-3.8539404575944314	0
56.44237431815069	0
41.930479151443464	0
18.195246012787635	0
-32.82292118201301	0
41.07525596353451	0
1.6149617664379115	0
-18.20134954880631	0
40.03713815280103	0
1.2987849250718408	0
32.757712022577614	0
-15.454294819684616	0
4.938474619528528	0
14.548652226201371	0
17.503395686561763	0
10.912012137871733	0
44.33224303471782	0
11.991276021218535	0
14.14328107091314	0
-20.133781301234567	0
45.22001612822158	0
36.346344315733695	0
23.205709850196424	0
4.481023063686909	0
-33.10381493921436	0
-16.98658582972477	0
-33.148817323931425	0
24.21406499729798	0
36.62667142773371	0
-37.760930508928276	0
18.608801136021707	0
-1.2275902304923108	0
14.753466399334899	0
-0.24508294671680808	0
39.778537925056355	0
-17.240917416916066	0
15.593352949580431	0
-14.63975692791955	0
-51.54478080232893	0
-6.615409084524444	0
34.91417804734245	0
-8.587351404643986	0
-34.559715968056054	0
19.538908410470746	0
23.430943000718045	0
55.14855965140772	0
3.6681319026390646	0
-26.594713962166146	0
-24.235489531223706	0
-13.754322983901915	0
27.717431315696693	0
47.479020790439556	0
11.316269623145796	0
54.40135801976526	0
23.483225487512087	0
-11.341156224900622	0
-20.255178077413003	0
47.92066916850243	0
-28.6256869554759	0
7.209634471373414	0
-7.98990071262914	0
-12.6323859646063	0
77.99673920886353	0
19.970574563612665	0
41.705378631097986	0
-50.10125610199262	0
4.392238068280701	0
-3.6176566653994193	0
-67.62674089468125	0
-9.13472575451777	0
-44.21619373880802	0
-24.24551167506631	0
48.96557251952427	0
53.41152870932589	0
-19.991573035804528	0
-41.3694808818337	0
-4.386533796840762	0
45.48568080089948	0
56.02028906611781	0
21.024033634606937	0
-0.9341009780008847	0
-15.68165622893622	0
-33.799669361770654	0
0.9331216871210604	0
14.957498105578669	0
-28.222267061773955	0
19.98830122183862	0
-8.415264841567403	0
18.059533208185385	0
-15.418973744869156	0
47.97176801750842	0
23.69032138161827	0
29.138330678976004	0
32.424152147351215	0
21.552118666739535	0
-8.779558509129863	0
-9.507007133634723	0
-75.6886424015813	0
34.68358133207593	0
-21.406279480813353	0
-38.18056172786231	0
-11.256197932219774	0
77.85759081631531	0
60.311101894491365	0
20.87182667048578	0
0.5569119042492012	0
-28.770446283726002	0
57.143192694603314	0
-6.5839173827381465	0
-11.003058651330868	0
8.478078761209387	0
1.8301931922484496	0
5.8607964358042945	0
19.791111545534992	0
-19.25215207049859	0
20.65254080767757	0
21.209196222630574	0
87.17811412731834	0
10.799654823748012	0
8.218502630958975	0
35.97343621010429	0
18.584477045072898	0
29.79515739749698	0
-5.9449215605137535	0
4.796280174770453	0
96.10048188283973	0
10.069698166187747	0
71.99941535375532	0
-11.692528730144709	0
-32.33934196654564	0
-13.078370488587371	0
23.48449722156642	0
-25.19274198212638	0
9.449765974691715	0
30.08505461354465	0
71.56812143312916	0
46.68919350442883	0
71.99418758184405	0
-30.442871226756715	0
-10.311524950732363	0
-5.937230860452761	0
-31.43874879386493	0
15.39041108571141	0
5.877756147279478	0
40.49238820766144	0
32.20286749972735	0
48.194026174377974	0
13.894111452190664	0
9.116927514301846	0
-6.172056358106836	0
37.52936865286331	0
-8.055342520552788	0
6.795497223723619	0
29.340335831776706	0
-22.057053513869036	0
-9.392778682082337	0
32.60592328509102	0
-33.488125251789626	0
52.051147768023	0
3.088918452151848	0
36.819485625905855	0
-26.37346161872771	0
40.14690178578451	0
18.649397754991348	0
-23.732328762855104	0
60.067516414204476	0
62.72315661675387	0
45.81274249230211	0
-3.7547765602273184	0
-30.2087377426829	0
42.57573413031416	0
-19.90092910456454	0
30.143025239446924	0
42.307228856986825	0
17.803941393595647	0
22.62176808545891	0
80.2651905871353	0
-30.170969987179852	0
-4.172873652713122	0
-41.83704829809317	0
15.141778412457242	0
-14.387758703417504	0
-16.01336760335658	0
14.090930511955422	0
15.923385689786013	0
-19.967287243579793	0
12.74568746893314	0
-4.716180197871536	0
-18.303146840648232	0
11.57056876415134	0
56.68482128751172	0
-54.92545741897298	0
-1.2711505695091692	0
-30.7841354337882	0
-54.04715224850365	0
32.351303063930686	0
-11.203790181949046	0
63.80411484822751	0
-27.74887348348617	0
16.957293504990368	0
29.257968150073427	0
-7.849296529214648	0
-14.51549455370509	0
46.38585700498987	0
-55.08800456267885	0
-31.885448198044017	0
-23.18564791989327	0
-37.69774956339983	0
19.16596583241005	0
44.82906545764444	0
-16.597881075682853	0
-36.72581511621086	0
18.425227573788746	0
-57.20567163798165	0
26.831039590674376	0
-5.712978950389827	0
-17.864079393311634	0
-34.33554166542006	0
4.513606372635706	0
43.534754039625945	0
21.919310399794465	0
-6.160980243977587	0
-21.248287650903805	0
-68.36283204364798	0
22.64930337187699	0
29.620260574554504	0
-9.63174968960768	0
39.9748182077559	0
-31.37413302669593	0
6.855355601886873	0
17.003479094665376	0
-36.719624860172736	0
42.16336892901136	0
34.66028851537111	0
-65.96856450788042	0
-21.02401892271611	0
33.44767128145465	0
-5.851384053512204	0
-6.987749226514033	0
15.400944981837693	0
25.544532928516293	0
-46.81354837645089	0
47.80663946485415	0
48.95212125613722	0
-10.320005241492115	0
23.89562430444848	0
114.72892761174863	0
19.602389775733343	0
-11.532484743788334	0
50.932739287920164	0
45.079517327373466	0
1.4491702177248271	0
31.240946705039217	0
23.68403857794341	0
-8.87065377808975	0
7.676039604981116	0
35.004210000979626	0
40.65539260266728	0
-23.193773256574396	0
43.947138670002865	0
65.13496096680392	0
23.9819632569633	0
104.16699307559655	0
-22.389329078655038	0
22.519433058172105	0
41.55273964595071	0
88.57514935323627	0
-37.16857711009641	0
-12.968607401836987	0
93.13831448216358	0
-43.09386001279211	0
5.034684704496761	0
62.63468237599417	0
-34.67428009077915	0
-4.365974447481051	0
-4.84164122822208	0
72.84955064054054	0
16.620650512927945	0
59.95296697490068	0
-2.0527185073488177	0
-54.53038883149331	0
1.3776881983453215	0
2.0137224188618825	0
-52.25988597135821	0
58.54599932788261	0
2.592907246637915	0
27.031112786781836	0
-25.36510378364916	0
-14.368258191054363	0
20.80736844953719	0
11.018419354546264	0
64.10084704994085	0
-9.054244851594351	0
63.69480743542886	0
45.8844798126338	0
-42.92608531598297	0
59.86723270960272	0
-6.832134820195076	0
4.582096784388333	0
-10.386954566242519	0
16.8847364568101	0
77.21201261526149	0
8.504120856302011	0
5.371306301726914	0
-16.582975043294965	0
56.33146855873904	0
38.933576812500725	0
27.934149617934683	0
23.44834354207822	0
-8.621185255445894	0
6.7047108554455175	0
63.929605415252794	0
12.21064505916013	0
36.835455940884074	0
19.502428196515687	0
-46.370367583188624	0
-42.23900944412209	0
93.6973241058655	0
40.28303548254229	0
57.66415269294472	0
39.5177583988769	0
-7.210840367035058	0
39.67937593546915	0
93.62675869315811	0
-0.5624493691688848	0
-9.947001335259241	0
3.103896794360611	0
32.081962099382494	0
-7.803566661339339	0
-68.94548462265195	0
91.12767301857997	0
62.83984583980942	0
32.33408355883404	0
8.579393638379047	0
13.839702403600555	0
-17.17824092383149	0
20.541963393306645	0
1.6287597002089882	0
41.51563376665659	0
46.11258436285809	0
-42.01156284304971	0
-7.650400816653843	0
72.83475324680188	0
34.791686410233424	0
1.3732534791171727	0
-28.844291271297756	0
-65.16911295458837	0
-10.410470077585533	0
-32.39375918041023	0
-42.05550912952867	0
-16.250877480945125	0
17.242075526362928	0
-20.602659347393004	0
-28.45460750836287	0
63.359753102890224	0
37.339173435348	0
-9.29491415785391	0
52.73885582768782	0
23.70179304989503	0
8.781344829403311	0
-39.27973978944222	0
-4.685698235964125	0
64.73798971483049	0
27.602996245012996	0
66.29094847306087	0
-2.7585669300687474	0
-33.510259063497514	0
10.652673623852282	0
-31.949285244050728	0
-3.969696028414935	0
-23.034610066036343	0
-62.01927188257744	0
-4.1782202672806665	0
14.168222423004313	0
15.752051644380483	0
-33.275305697388475	0
19.802610486219017	0
25.855991751686556	0
38.54561111000281	0
56.15366965282575	0
63.08196490645613	0
18.08822983018461	0
21.630832720050254	0
-6.445357391470907	0
8.405408491147655	0
37.37320067643025	0
-0.32017580892368613	0
8.280053782379987	0
-31.981275478116068	0
-48.8373220174055	0
-92.47582129452587	0
19.039607975375027	0
-8.032288260462245	0
31.738446243617254	0
-34.57692596678696	0
37.63235515189661	0
-23.594370832427593	0
-19.73343218296158	0
17.109772629410653	0
31.421482234863372	0
14.463224924898585	0
-23.08112436047965	0
48.57566918949425	0
8.911074850230293	0
2.00235466670994	0
22.025538426740383	0
1.1180976720031222	0
13.379856264455041	0
-11.824145656702392	0
-12.203537079704098	0
20.238863883708	0
30.750432620572155	0
10.508508601544742	0
-8.29064929885499	0
11.699694701567571	0
-7.660949487397026	0
49.820321681705565	0
1.0126892619230556	0
38.5383185849374	0
13.0681083114299	0
13.13835899729165	0
24.87094695746787	0
-5.674593684440021	0
-17.022372651110828	0
7.801629735821556	0
-43.455463328407724	0
-23.679857421921845	0
-28.164988248651937	0
24.236765537375405	0
-2.94726745687138	0
-31.30884038582147	0
-59.75798315460999	0
-24.19744100822807	0
-15.374148503922335	0
-12.882465602435268	0
14.33271706076668	0
19.54589790567563	0
-29.335731639527566	0
2.747934088111508	0
-9.47844878958405	0
13.05601081865991	0
-25.859559077752337	0
-4.819223128443761	0
11.065175148156754	0
-49.856922246558604	0
63.78325564135668	0
42.790485249456964	0
41.982780539601535	0
-1.7541960570529795	0
0.9247189079522595	0
15.817599240121474	0
1.9137197691942962	0
27.00181148954913	0
16.545140048259352	0
32.30969629482519	0
98.75117539353447	0
-40.7844807510852	0
-27.91493098786043	0
32.383308858110645	0
30.050251453159124	0
15.107568534340764	0
30.197067746826143	0
-24.273906625773535	0
40.43625265582527	0
59.803634720608486	0
6.621257598768905	0
42.19950381054833	0
28.891421144267518	0
-16.77458630869002	0
54.91217927111498	0
25.953353170374363	0
11.50433471354441	0
48.24554816554674	0
-18.14930472057488	0
48.37830360242059	0
-49.585036086826975	0
-9.72524718532403	0
10.708752573834019	0
-20.520736178211532	0
44.626013376153296	0
-1.6970663370375085	0
30.262782690242773	0
107.72835968322228	0
-58.705937708557826	0
27.00426087592935	0
31.853068023655844	0
-8.841055957996886	0
54.61464655489263	0
35.620720727332035	0
-59.773859408534804	0
23.731730345825085	0
15.693024901273763	0
16.085247170189835	0
70.40302664851122	0
49.676660622004846	0
30.704124475685838	0
-25.357552099034848	0
-12.494887728567381	0
7.213640529856617	0
-16.301666777064124	0
-0.815170284475494	0
-10.060350046660488	0
4.617621785154827	0
-20.148651131552775	0
33.19594043066736	0
-91.1308099881353	0
-29.634189874035606	0
39.093106746856954	0
-57.86064441728524	0
78.90337846510835	0
26.787431183691474	0
27.719669069488894	0
-46.34824819519803	0
6.757698665920512	0
43.000387046993836	0
21.511177299850786	0
81.5290790424818	0
29.32776449640003	0
67.75007685170812	0
20.64226702592952	0
13.822073273356366	0
12.450233420323585	0
-46.94783737457766	0
2.0737739056069753	0
-14.087208844421575	0
-0.033560437322805114	0
-38.240730008554	0
-70.62988041971322	0
28.287493508037173	0
31.007193877395334	0
-41.691432254300324	0
-5.533532307071585	0
6.888008619873162	0
1.17614658512006	0
54.34813088328813	0
-12.069564305827484	0
29.16366731592414	0
-23.11072545474908	0
50.226591832066596	0
64.28059683575549	0
34.86559307715675	0
64.98899473529822	0
-0.9226430918680215	0
12.244229624572032	0
75.49785779119885	0
-33.5703139994958	0
-32.537943655899404	0
6.462392235962593	0
4.578035309219417	0
8.125248949421566	0
91.70978637642797	1
131.81848893336618	1
84.78684048206333	1
117.92311085667949	1
44.50856532930481	1
149.75672681182706	1
80.76084991092065	1
9.947487926275898	1
72.9284233478349	1
86.02928647907434	1
179.58043897602312	1
89.75780297493257	1
121.87874765630434	1
181.4051391224773	1
100.22399904175806	1
19.07026705825389	1
85.06253325409479	1
38.83656395213452	1
110.74131949859392	1
174.25165005119285	1
112.32380035993938	1
79.99264316697153	1
212.72147581512178	1
145.8800603739822	1
119.87050578174268	1
48.85025198329832	1
63.06822305753111	1
99.15194617240897	1
151.1380694427863	1
211.08648097225358	1
126.3015853527022	1
66.11627282206568	1
128.63269366024704	1
70.25799965034844	1
90.04462675862686	1
94.34448945976654	1
200.53584864145253	1
176.10603620072544	1
103.88946182988875	1
61.305518330860224	1
152.1137949877346	1
123.0795834444369	1
20.25723259749165	1
30.78402840585362	1
80.20667541581825	1
123.7557294219322	1
86.75766272362391	1
195.6218246207479	1
87.27463087524231	1
84.08730068165859	1
106.7728853725586	1
64.17495932243455	1
37.731673251350706	1
85.36009968255303	1
88.24075113231281	1
62.1185670819241	1
48.09172174770977	1
128.97760442007922	1
89.84791165081785	1
123.46450066958872	1
146.92486443340127	1
169.04756760616894	1
92.43440830943322	1
179.55643202323859	1
99.13741215240198	1
131.8434256599724	1
78.51292278914701	1
78.8272090883514	1
152.45892803845913	1
104.60128131365462	1
82.67664072255629	1
62.85340283208628	1
70.29886025570403	1
124.54870025323179	1
97.04863871999159	1
89.28320421274667	1
93.77464517565684	1
156.234125048507	1
41.021266969095095	1
6.787398906259199	1
18.65791587348336	1
74.53420644476014	1
138.20925146920214	1
80.87499383482105	1
165.9711892880864	1
114.43689763443427	1
137.8065169490291	1
127.96173220980195	1
11.672093295634738	1
185.98009394835222	1
47.718270533960435	1
85.9733123555408	1
135.84625044114222	1
32.55335697337033	1
37.34480736719882	1
85.5507180730921	1
170.1178902048127	1
113.49619002127521	1
136.70724663226733	1
156.90231195878093	1
94.72746977603171	1
220.39538244003148	1
161.32154063895956	1
201.8255983284765	1
110.41014794029846	1
141.64687672113672	1
112.60808038837088	1
79.76892718744399	1
51.83138928333014	1
104.99104398917221	1
37.03415362546123	1
78.5276607023427	1
46.90384274448104	1
16.540900512472717	1
141.0418103920476	1
211.57558822113634	1
17.517204387271306	1
91.2711803614363	1
77.80283503504674	1
143.1053604136045	1
90.3241573368163	1
72.36608722916242	1
90.91878683907092	1
212.0708257933095	1
10.412492348909012	1
174.6225426580237	1
159.43352849139114	1
168.8658840834242	1
78.20809322300101	1
64.44985402980375	1
142.00688196908837	1
51.298584861012344	1
217.4999137052116	1
102.3282441451881	1
109.91290737342582	1
114.76527203118945	1
123.08021425170062	1
145.6410503430298	1
66.1157798810612	1
67.20584674165875	1
104.3187935784329	1
117.72559516339885	1
51.97866281462205	1
89.0975118106952	1
78.15342081938785	1
69.3407404422041	1
119.70287238671847	1
80.0609072057076	1
74.31315381823318	1
96.34163224557554	1
50.91843260080136	1
146.5065134105101	1
157.382099327253	1
136.4805535516005	1
58.69125366644769	1
126.10958595611707	1
99.62494268944005	1
94.29524587929015	1
4.528744890928877	1
67.2130113182319	1
133.15408761843452	1
151.19203338343038	1
98.22196240494608	1
86.30894590450868	1
75.86932176942952	1
92.89662396414698	1
21.61222403410254	1
50.89069009458855	1
81.71145767321724	1
43.87835940577688	1
110.82015763857748	1
176.8762260224272	1
105.49538911425019	1
69.7078131374775	1
129.06176529861486	1
136.69313527701172	1
76.05824070335956	1
179.06611190343503	1
232.89770656775033	1
18.321541342093767	1
141.32013285364232	1
132.97005546807216	1
98.85507893372613	1
42.44697858798501	1
153.88648612362584	1
111.59525906498027	1
102.27874616141486	1
110.67953916509848	1
103.56924166804494	1
193.13509571784738	1
29.63409681757257	1
88.56293570923411	1
151.6549342063505	1
220.52024854086915	1
51.149750115627526	1
18.559207602294947	1
139.25780412617985	1
102.18376692906884	1
128.57432276061743	1
47.64266315943527	1
6.339487951178356	1
110.19242076812876	1
7.602684373201939	1
126.27540085594569	1
136.15733672876482	1
79.19453717404849	1
58.16563212176348	1
84.14195455086377	1
91.90078587656161	1
58.488417345941315	1
165.2908888220299	1
42.65808017826716	1
92.733077737103	1
95.28810118593209	1
129.68260024709224	1
89.63385453206226	1
122.973711741821	1
149.61823661178352	1
90.79184533924499	1
119.73323760265043	1
85.77540814194003	1
58.26169766834726	1
69.81817582809887	1
38.18272320048719	1
110.04199635243188	1
49.605403536958384	1
198.0657135866884	1
111.87271758969511	1
118.64921095241833	1
75.82675761006507	1
68.20820100511675	1
170.86490816282895	1
148.94342768171447	1
213.58339423801215	1
108.99224268165725	1
120.74877463128243	1
122.86364160706151	1
-5.07254268107593	1
123.33122613340163	1
79.87732543386494	1
120.91916053607065	1
12.205742134215114	1
102.00676011074256	1
66.41748690882291	1
239.13136859697482	1
87.80783365647642	1
169.90529221348072	1
133.7152225667416	1
36.69374094401543	1
43.34609854796504	1
78.27969449227282	1
122.07069976315672	1
46.42192526710341	1
141.54172216365305	1
70.0933559360094	1
7.724518606715435	1
145.92128930368506	1
117.08364279304783	1
128.03867523421746	1
153.4678769198718	1
70.05785250774241	1
46.22390814250412	1
24.771040973267645	1
134.7713110356758	1
117.42677967881491	1
27.51704545340526	1
29.884007096194892	1
18.8659468706676	1
79.60896355414212	1
127.59885886158662	1
125.88193303895414	1
33.891463016476735	1
94.95102096195669	1
104.8190919790456	1
90.49171417755606	1
85.729499821017	1
114.6415501398609	1
96.61558027659261	1
103.99742382415958	1
141.6853846585234	1
45.75903560997446	1
176.15449981431792	1
147.50378433965048	1
99.00882334592619	1
159.48167269409802	1
58.174908870985455	1
55.753221606280505	1
23.601131113738376	1
109.21171492558274	1
102.28451721847705	1
138.38743176755443	1
78.5908177115321	1
209.36621011780832	1
112.59945687116053	1
142.33429656165006	1
38.20550019584702	1
94.18322938463571	1
52.392747376683054	1
141.00286501411824	1
56.71403678714936	1
17.72061898761544	1
145.63226179317468	1
39.511703267070494	1
149.43700182825972	1
129.34672035296958	1
69.9662480812157	1
108.43578494174197	1
91.6294946374266	1
115.27686202576793	1
21.248299685719275	1
184.13486201272087	1
28.00452003156117	1
113.11735861333989	1
117.77110249148208	1
85.50389565141413	1
113.32754394314152	1
149.38093002489057	1
53.83662921352967	1
152.10247545118568	1
152.66984298012767	1
24.136830319295527	1
45.94267727400268	1
130.95799763511397	1
108.50344224393075	1
161.28716403622585	1
68.35322765472951	1
79.67376254554864	1
9.030180047990513	1
72.8117002570041	1
106.2191310019512	1
91.56000966016799	1
103.74509190348091	1
69.18473602568388	1
55.22167451724119	1
125.978955474262	1
134.30069381520508	1
51.85298379444102	1
100.48731898105007	1
198.97351661476705	1
78.81909322466359	1
129.4888780957535	1
125.45834692039406	1
128.52701452092435	1
152.6952256844	1
46.934444010771244	1
137.82415502382344	1
115.66394742139364	1
127.69319374857336	1
100.03807932850093	1
160.26326881121906	1
161.1713697654231	1
107.96542124029718	1
63.36963104768078	1
70.11198160708517	1
99.60849576412745	1
107.12383166452621	1
51.76142946385129	1
143.7266303447197	1
124.65136413216416	1
45.39615365176418	1
102.65968584293337	1
144.91467184663324	1
152.2136849319022	1
222.0291664155069	1
19.890734640520733	1
104.76639634600087	1
13.667575700801876	1
50.985245587272146	1
139.3452341469274	1
16.33304731572281	1
18.052083237407473	1
91.76199140047909	1
66.00298002433827	1
136.93120353996858	1
73.75979910116328	1
-0.2758122676433885	1
103.56017728536901	1
89.46398912247153	1
162.9810753522352	1
87.25391923330915	1
68.88466038794482	1
121.59699809429384	1
100.26788992759444	1
74.07415360814696	1
189.6801596440138	1
44.10738384180086	1
126.22621520561432	1
45.62957372073632	1
43.9192025131296	1
262.6129335307257	1
52.02401247778428	1
158.2739921977117	1
141.20105965022407	1
111.3780229140274	1
122.21127931637184	1
130.79842277784545	1
94.15628746714354	1
98.26810692543316	1
15.101989708962634	1
92.32073617021634	1
105.38815218652758	1
125.14662361937863	1
128.87168732201152	1
37.50304210421259	1
130.26826107631945	1
154.79004817784062	1
160.32188528513643	1
2.5637683673377722	1
71.04967634720224	1
107.5147933668478	1
78.60691132919092	1
83.9359641922365	1
86.59537273739011	1
103.55672746060812	1
106.56548834596917	1
120.66960473817707	1
146.41593812424085	1
123.04012692843567	1
125.77910609057946	1
127.98128551410615	1
103.42144248620387	1
167.7741119017931	1
59.08139107339969	1
57.807375189289765	1
112.7828143889955	1
116.38404804930167	1
74.40821901322342	1
152.07284556444682	1
87.98626820045286	1
136.23182066224314	1
155.533070631042	1
243.87542696232745	1
126.00167065183933	1
146.85714698235122	1
138.9501976288242	1
167.52810791405597	1
135.86807928867006	1
67.15590994201273	1
109.24272884529087	1
54.958540712636385	1
172.13834412373365	1
66.22593489620226	1
57.73552975804229	1
124.45656974856472	1
144.39444767973706	1
44.57515129315337	1
55.823278725386025	1
95.89521672212452	1
96.108389517894	1
118.72334806996882	1
156.30909328179666	1
117.14539153112487	1
128.1955560668258	1
170.65588639258135	1
39.47976700040755	1
70.18909939133617	1
124.19910098126302	1
78.01099044384179	1
96.0559438972422	1
149.20716480965652	1
76.69848061166824	1
7.639941884350293	1
103.2107913065708	1
74.16127081702331	1
-35.99511003314612	1
173.98654625735247	1
157.69546828392484	1
16.79432785399642	1
164.43082996894458	1
91.22242735822297	1
175.5835446625331	1
22.84285140928739	1
18.739568518611648	1
98.16367236910816	1
87.65135713101031	1
79.75358087569083	1
60.42755505157383	1
117.77563714552102	1
125.31764645088265	1
-47.50015592022871	1
96.59982486458158	1
98.25602365495178	1
171.25599602628225	1
124.69571577824155	1
137.65631302924507	1
27.407200738759713	1
105.51545542704338	1
84.07045542126865	1
114.88615401108504	1
58.02406320958149	1
113.45125797797355	1
165.02016956602932	1
198.84621006558	1
148.21428957315734	1
79.92487814459878	1
78.94388710637209	1
186.76988287510557	1
64.92225747610696	1
119.29891819681451	1
17.070107421396997	1
58.46444559919131	1
69.82711859986868	1
76.07678974287992	1
87.5898063728087	1
79.36355645056642	1
123.60071430096787	1
152.35882596679855	1
37.70908396505885	1
131.85647103692003	1
128.54679017465597	1
163.56858337304377	1
-16.155753582797175	1
141.50706387392353	1
8.84525153117984	1
117.40121461360957	1
64.86560411159391	1
161.0210137805715	1
75.99044107955943	1
128.6819245154169	1
135.8283176961035	1
63.458679226140184	1
153.47395782259295	1
66.76778287331706	1
70.82338500887872	1
119.36985788802127	1
82.7018335146015	1
94.70406970804451	1
162.88750321919505	1
121.83534459811906	1
86.92118103315566	1
109.59059508201716	1
143.74554630211276	1
48.079618268939306	1
98.52796696575702	1
118.73041204707883	1
45.52662846468986	1
129.65137788568325	1
113.50064601693832	1
67.19363085397153	1
222.5954317382568	1
141.48811822976384	1
64.8626186371881	1
56.32933062735401	1
135.93731320083745	1
112.36623541140929	1
157.31989144752455	1
65.8347152376993	1
65.70142970887781	1
108.84465410900592	1
149.08770478045977	1
73.21654209095479	1
85.81468532536707	1
108.77208880712794	1
131.3955922118249	1
56.20987515166913	1
47.56389318957097	1
147.30119929368422	1
103.3950143054039	1
145.3782827512833	1
72.06570091334332	1
129.5349930762706	1
53.79045318115829	1
116.91108584268062	1
109.06902017533898	1
103.91061358186509	1
117.65653690929923	1
35.19198299531267	1
71.18392189288103	1
86.39213957373268	1
166.99262592549465	1
151.19570493383847	1
119.57341466434123	1
168.89337869293814	1
55.10196390482304	1
135.49604438219203	1
62.228568005452956	1
155.76113520797728	1
87.43939923841992	1
14.715426172647668	1
116.20050269166605	1
76.56379017447175	1
83.38535979828171	1
62.731257607876074	1
92.78365493444842	1
82.5765731937055	1
109.46071053180073	1
59.01040006796905	1
170.50669825679392	1
192.23075285523925	1
92.87165628727513	1
91.81425180132054	1
122.9159599641728	1
124.17427239285148	1
107.1687576019961	1
106.12049751941073	1
71.8666560823163	1
108.39722662353704	1
51.93207618529818	1
158.75191527091863	1
158.51813671059375	1
56.820988803638315	1
125.3504255311178	1
142.45864702299343	1
139.71498149105093	1
40.11090161522476	1
232.408956259734	1
56.658159616443484	1
175.3627792319321	1
127.94345119018811	1
49.268612066719186	1
106.44301982394168	1
129.41433661031715	1
9.78812791069764	1
111.64680035024452	1
114.05205333163175	1
126.17130272090407	1
43.028878241697754	1
114.82268507469378	1
131.70209920309458	1
115.06933463984963	1
81.50996591741371	1
93.51043386814149	1
162.03564630649475	1
156.83401440436694	1
135.56818160050256	1
177.6636962047983	1
136.6687132142133	1
132.2385384750528	1
75.04714002133596	1
137.16801779617305	1
70.58863315756399	1
211.70329858762764	1
95.59041182474155	1
109.15651883361372	1
106.25250029518793	1
111.452935677741	1
104.70244010696742	1
133.77778479617479	1
104.02396354433428	1
105.322241132938	1
146.12714319729315	1
49.668258112786944	1
134.21931684289603	1
106.53721436853172	1
142.30883816506082	1
149.42330054940652	1
-12.62975302839476	1
17.37655564448562	1
125.66671690202043	1
73.19106560052383	1
136.2419226901726	1
117.44284145357224	1
149.35952258895458	1
40.720022002846314	1
67.49616121799366	1
38.739895764706176	1
78.79661163174444	1
111.85662304069206	1
80.0942241235789	1
150.82617057882368	1
115.57540979968296	1
51.92125241715321	1
27.449219040907195	1
132.28006398022333	1
136.57653139283596	1
88.8339561260873	1
114.06587005691895	1
93.12230557919993	1
94.31277482484766	1
82.74870449568213	1
121.87428051798753	1
83.27675435476789	1
110.23292300645323	1
118.52890164004562	1
107.03644358659123	1
31.30949562213911	1
49.73518077576236	1
139.3621705221292	1
22.286528668893723	1
54.94113523930155	1
129.87792557758965	1
23.204973064762385	1
-3.1022338325235097	1
132.05272205209693	1
88.38552270356928	1
111.09611060148657	1
12.943454122750524	1
132.52772115430145	1
104.09184582188477	1
53.69634963416171	1
38.330172297084985	1
200.10597262237525	1
30.494722080532682	1
99.07890831606905	1
51.51693006421483	1
121.84480262620673	1
126.95967784432594	1
158.06032872812636	1
152.07831520459897	1
92.77561768954885	1
120.07414040836653	1
193.88448883835247	1
-40.39299054229832	1
221.1700522173714	1
155.21343472280267	1
200.9976494535087	1
77.70024978602845	1
90.3113518822932	1
128.33198803590585	1
76.04025517819716	1
103.47279183874181	1
98.27493945619528	1
55.088681494328625	1
63.06518693766963	1
74.33584264206976	1
108.88202613735238	1
70.51538063297377	1
116.12229677578404	1
52.586296132673176	1
165.43599120812945	1
163.47865409488534	1
57.92136925490319	1
86.83719813456047	1
190.73189456872973	1
75.07082142080165	1
146.7518024786135	1
83.43325903477441	1
59.01811225710727	1
73.82320235134296	1
100.19859306577872	1
68.9979897902195	1
163.96808131267755	1
140.8283539884418	1
68.74164259001772	1
123.92116140603515	1
77.9314362751351	1
65.17938454858228	1
103.09516017697746	1
74.65436961349006	1
109.76484962178974	1
9.192027907477623	1
54.588748086312414	1
112.70228409585566	1
118.57477094594009	1
153.54413655288707	1
121.63598379401645	1
112.6929604991536	1
116.13815079549923	1
167.5990444996401	1
209.89351124532328	1
96.20352769003699	1
89.87704421393559	1
53.68880595656654	1
80.43418431747307	1
106.10923929167518	1
51.635932495256604	1
22.00558273842603	1
64.83298064509682	1
150.77793547573455	1
44.18040695095714	1
166.75777434584043	1
21.257824651151765	1
115.09927337392953	1
83.753552913821	1
65.94402203615724	1
117.88476125107314	1
92.00188041917598	1
84.85508608842686	1
137.0891162766653	1
131.8042943996044	1
141.21641612042413	1
94.80516167156829	1
106.13780383804078	1
100.84802669886807	1
3.1473421083846773	1
57.807050294809805	1
86.12008387716224	1
162.41567874008825	1
54.63610282989704	1
95.34638879633431	1
182.0907980559807	1
64.99259981839123	1
111.84931001585961	1
88.3624680467377	1
164.93374515432913	1
130.4123878214333	1
94.96713724918004	1
34.12297582351421	1
59.55833781906304	1
44.44994896534201	1
168.57760975950714	1
127.53829173572683	1
34.733119464022764	1
131.63756724918153	1
120.62843075199677	1
119.97740010202692	1
100.73186482721717	1
158.74947189660242	1
166.4121082379474	1
57.50967547763772	1
134.4323245553053	1
46.76673592692118	1
98.29249862961797	1
45.06757693837778	1
5.473155547500653	1
15.459398570782199	1
96.45537602926501	1
111.91335939999172	1
-13.606524585192531	1
64.3339274341163	1
23.391406902009095	1
158.79112652662914	1
175.48173600542827	1
148.9258676371075	1
224.93864462179874	1
132.51988937835335	1
127.26736355855911	1
38.93210660378974	1
145.90812776676688	1
67.1864726245816	1
129.95132006078126	1
128.7306796477324	1
90.09063311690794	1
114.66944360772197	1
75.80369372927379	1
190.42303663546787	1
139.88884613951237	1
23.76430505847223	1
94.05466005054298	1
139.62091524498368	1
128.4837995786032	1
81.98200031464863	1
92.89779089476362	1
87.06886806500154	1
81.1446696714749	1
41.80714111709094	1
145.5752173309554	1
186.6157574585335	1
71.74627912053857	1
206.35325486564267	1
58.243912211790544	1
56.72191718091572	1
153.09490514671504	1
32.183351763200164	1
104.41024654939478	1
113.68815165782523	1
8.497714588682015	1
82.58130670592493	1
146.2786353381486	1
58.30270606975497	1
84.52819860760968	1
37.38594340623862	1
153.4947875550732	1
79.95132199540318	1
-5.506777646180197	1
81.78578398402729	1
120.69520844835162	1
44.59136817530131	1
124.55858280215233	1
192.1880892977254	1
118.55998293649454	1
83.02241792261269	1
122.01816779003757	1
154.34927276949188	1
75.44763350055717	1
132.43450163690633	1
69.25020619066731	1
69.36251187063887	1
1.503123974463378	1
49.78838964433263	1
24.134594977033586	1
76.48543479638673	1
90.88143604040438	1
88.15725833626927	1
201.2777819275173	1
167.7334864533817	1
113.58323511442876	1
109.74703887327833	1
105.4423318768579	1
145.92788063832774	1
123.93481373263619	1
52.67295948442518	1
-6.44232599870449	1
148.9136201751619	1
27.11339913742789	1
102.28499437601623	1
113.5695745222487	1
49.70862283331914	1
91.94351058625037	1
113.39521352250927	1
95.15900308095082	1
156.6703783650306	1
115.11627770672237	1
64.30824942563783	1
62.08150009973267	1
30.640587625996957	1
232.2806334815455	1
77.87097757638793	1
168.6240866648579	1
150.49844110032086	1
93.31417954111483	1
58.479408488299505	1
106.44289497357616	1
87.55613437591155	1
61.4776507530762	1
115.59122945412814	1
144.43256753278249	1
56.124979420181816	1
72.06570577199572	1
155.1456877629039	1
60.34806001397358	1
81.29085237702286	1
79.69843786104776	1
104.863212533107	1
117.8889741870862	1
95.04192062389568	1
72.8526880230347	1
80.47718346212405	1
167.40709519260173	1
77.80645472855649	1
95.57444118099069	1
101.83767477806379	1
159.06033125637168	1
132.4485749604993	1
15.958498049671249	1
111.73935191328644	1
55.005515785569486	1
124.88140923092385	1
104.9925482465793	1
45.78683749520918	1
148.1505062154364	1
85.59695105461157	1
41.78734380078289	1
170.05512699581217	1
104.09429205567059	1
99.41978135304298	1
103.46271266089767	1
132.65277468997562	1
102.59011570398737	1
86.71083716937862	1
80.2531614882012	1
71.84683925356478	1
181.502681333304	1
126.9708963450834	1
89.24083839003598	1
84.18614418502193	1
143.77254274585331	1
87.10282718466009	1
89.40113263514783	1
56.2737031211317	1
196.619502025795	1
55.57094429426182	1
102.34663672302335	1
30.14861234071961	1
39.26763971835473	1
43.871493752464296	1
78.94271807888629	1
150.65120206581744	1
71.65499510904745	1
158.1091588101563	1
145.82252583032724	1
134.33280862298994	1
54.18157147069503	1
111.41252213892034	1
242.63929676820362	1
124.72775899452441	1
123.90575548447896	1
98.53301804186005	1
66.36602265997578	1
122.11768705047794	1
14.279710523479608	1
29.811443980441894	1
95.5902203386303	1
125.75005499441227	1
117.14492635376767	1
188.98591464725777	1
2.7865467509262345	1
75.54655154272804	1
126.50119623599184	1
224.8467185340873	1
111.11037409451406	1
55.72211027755383	1
95.71279488573992	1
108.8393038145935	1
88.44832165921689	1
-5.36918493304492	1
24.173562732573714	1
87.18815929916235	1
58.81372300220662	1
103.37884215555434	1
183.35003583761682	1
124.61523948521278	1
91.93411545020751	1
90.1767112544709	1
116.18237390079479	1
105.99262186098193	1
84.74617466042571	1
92.32146034871505	1
20.584898098199346	1
97.95985371471865	1
189.31237767219068	2
220.28808933644245	2
183.18943400462177	2
207.59008833805197	2
207.03420543014687	2
182.6118461935918	2
203.15844180239947	2
216.18587004168933	2
220.41479854142477	2
186.50009861164915	2
181.32809923544403	2
241.83958482776924	2
182.024325548955	2
183.7255532393078	2
223.58848793576897	2
213.5192522550097	2
207.92682383185266	2
223.40529345993048	2
216.35230763458642	2
203.72743476756656	2
205.70381709419647	2
229.62833186009993	2
242.24850349935193	2
200.69444138621742	2
213.17819192762136	2
208.55512636913494	2
210.15336912263828	2
209.73889614168064	2
204.84536106252872	2
195.11382636729127	2
181.0801098609431	2
211.98426166701424	2
187.48691254487514	2
189.90537522258438	2
179.056502059568	2
175.68086216951585	2
200.38495136943075	2
193.2200542555586	2
198.13701236362408	2
194.1224361997351	2
245.36109530396214	2
220.39904251678198	2
165.02391592846698	2
185.86226272674426	2
237.17549789962965	2
157.8727377585681	2
192.63840600054863	2
176.647067373445	2
211.4720020576747	2
179.1423700660211	2
205.68178591270745	2
202.32797437617444	2
220.6363117987234	2
204.7051213499002	2
206.53432816889455	2
196.62681639050223	2
177.51280302168948	2
207.39994278308302	2
203.61764691849396	2
220.1997019251744	2
209.47905331365297	2
179.65673616102907	2
240.85935032307313	2
219.8805313330744	2
194.29909864196023	2
260.1387354318107	2
212.88584193877074	2
159.93855927601993	2
184.51680287475804	2
225.68654333313094	2
203.40435008936092	2
226.76696709701213	2
226.5669661420265	2
212.17199529009247	2
204.1336534498295	2
217.969759796474	2
137.00919419787985	2
167.85791281844865	2
194.2811732200537	2
215.51694766557324	2
178.42507876461013	2
208.34745058701253	2
143.71041762516847	2
217.05612178928553	2
190.18977649539227	2
177.15691223269744	2
204.37629549946655	2
222.58014074815338	2
143.91061459501265	2
178.35749511065393	2
222.85037085695475	2
160.3947410353096	2
174.6314906131313	2
228.13343750946365	2
224.2391222978606	2
169.59166844468967	2
154.0658264677407	2
185.7049822108728	2
148.45634084757558	2
222.56269093854044	2
168.4204271225587	2
211.25797497667998	2
194.22862621363353	2
166.60957795031942	2
227.93399617952636	2
197.4179493994072	2
213.16967480032613	2
198.12869907114012	2
161.91061880749015	2
164.0956507998097	2
200.3127986998211	2
183.45725841836187	2
185.81954430386423	2
203.5024587574198	2
236.0902562817536	2
181.0287289144062	2
208.3881642981644	2
260.1485103030408	2
175.21124917648493	2
196.83517448274668	2
185.7090431354418	2
214.07058002323876	2
261.69294411641187	2
221.05038351918176	2
175.22319719922396	2
181.52397853760056	2
200.15986044201367	2
218.7637096583994	2
202.01753666798632	2
197.75711767480547	2
246.9379210974374	2
201.59425519737397	2
178.93108702749996	2
157.93889257689722	2
221.93902674906388	2
212.29790906717815	2
216.60120059659735	2
156.43191204389018	2
196.41816185090047	2
197.9763393710296	2
177.08706459281862	2
209.71357087075359	2
218.21272073328512	2
192.2946387170309	2
168.52972217883547	2
212.6460661016559	2
226.58534086193416	2
143.89895609971876	2
199.11364842251422	2
230.79972447212825	2
181.070956956166	2
237.98574895798387	2
143.14476486629616	2
222.36952917918867	2
162.68150383049235	2
182.31768606016516	2
155.3265469433028	2
179.68283901686345	2
221.22574329670923	2
209.3974202452594	2
185.99289840226498	2
174.69604196171102	2
166.1805287124769	2
194.92024749886733	2
176.57927910303187	2
197.52309543066406	2
174.29594718934968	2
168.19230940382593	2
222.21912519463822	2
224.84612143039664	2
220.18764798088745	2
182.8311636194159	2
185.18114669750864	2
174.5984243922854	2
201.10351228650399	2
186.76079592767945	2
197.64491251223015	2
231.96657737246738	2
201.1499912109198	2
181.08203605638434	2
223.666056283719	2
186.2187111108313	2
203.2694400461131	2
193.07111678802852	2
193.2732707141743	2
235.0592402010498	2
211.96387803760499	2
201.64671159731654	2
216.90200034391682	2
215.5133617495846	2
170.51360785619886	2
223.23832694388815	2
214.84583362460756	2
204.084367556616	2
187.03635823849487	2
202.61451336614763	2
240.36965138309787	2
163.9261297432029	2
227.77669608217644	2
181.34643896196442	2
244.96178137769758	2
165.79019593609559	2
223.9959835471551	2
217.63126035107254	2
187.2099250820922	2
209.08809769690595	2
225.51662670592	2
203.79097544863927	2
188.6561301805377	2
225.8913495589712	2
195.10275535603054	2
203.0351039462049	2
207.95999119057703	2
239.40944688244397	2
201.09754965820701	2
198.93404994578853	2
206.2270826754106	2
252.08302302692715	2
221.7381160144685	2
178.24286859735287	2
205.084733357526	2
229.00759176336706	2
242.45174164144615	2
203.93845041305585	2
209.54685244906292	2
172.4999241215258	2
222.90171687684756	2
236.12963890714812	2
210.9656825482623	2
178.68930541014515	2
237.28952916701493	2
195.35397345561495	2
232.35788844934007	2
218.76211526542036	2
192.35388026036773	2
201.53537130585826	2
225.05504359613823	2
200.51587795049826	2
189.49189515999197	2
169.923877378547	2
216.0676200201952	2
235.00180629630478	2
143.08731175583196	2
197.24445622203868	2
222.85221853264295	2
235.0254366150613	2
190.66649469410078	2
155.04095705604217	2
187.45460833536578	2
217.84928168101533	2
218.30650625551496	2
214.7530074464106	2
233.909666605904	2
194.15556852785406	2
214.73207488704307	2
250.80122513354132	2
178.8179877230172	2
212.26193007112002	2
183.90435625732317	2
209.68206906743805	2
191.08649934035617	2
191.14644736284887	2
199.74112052479626	2
216.15979116203945	2
209.11409073739992	2
192.38347569298338	2
191.12146056438885	2
234.9175876122829	2
210.39253631979582	2
226.8967693619202	2
174.09067361714497	2
198.4112951037988	2
230.9467636719917	2
253.19081394300767	2
201.9114339188578	2
216.1588822257461	2
174.31125536300652	2
199.6267398324978	2
231.43511185547402	2
162.3023765401581	2
205.81287255724365	2
182.3346216430857	2
208.8340062960562	2
183.05862398374515	2
172.62999372642975	2
222.96950712188666	2
157.28094215226295	2
219.28579670106464	2
168.41513455595324	2
218.35121980525884	2
190.4389250511538	2
172.2808100738605	2
227.96946439509628	2
176.41071359449285	2
191.60350633237573	2
214.2619139410115	2
184.28268936359245	2
243.98838580173617	2
191.26628352646694	2
225.92555482021734	2
238.02790118020351	2
157.6455727157344	2
230.10800120942972	2
180.9042895263402	2
201.79795384356524	2
205.98264346092702	2
160.0830943907257	2
180.52404877779634	2
205.09696610631593	2
219.46396185043142	2
191.20504791728547	2
197.50147520023344	2
234.39034319707264	2
204.0539169586481	2
155.45669089891499	2
214.69449352058973	2
146.45298245982372	2
214.11824941261204	2
211.857222750564	2
176.37511607893077	2
202.4122724735168	2
196.65232939687874	2
231.14332726369915	2
193.2553173893615	2
178.74408207444378	2
240.62631222374134	2
179.8852378903911	2
194.35430695834856	2
227.6142623891262	2
204.3970253989451	2
193.48001481812267	2
184.69963520652004	2
235.06815994405952	2
204.4377873988139	2
154.25341882887002	2
179.4711113007193	2
176.55919080154612	2
275.7109124266472	2
174.81133033067607	2
155.4949875738249	2
223.28874032943853	2
199.556659645013	2
232.4878746872775	2
176.13018390056112	2
199.77707600706972	2
175.9032284302129	2
242.44500164898983	2
182.75728232139494	2
187.19301733547383	2
170.61290562597708	2
179.58712481272659	2
206.507878299274	2
191.12217647209042	2
181.68600836101666	2
184.78922527938258	2
195.12887919639147	2
233.46868846897098	2
204.17050886103468	2
185.96318004854115	2
212.83174294975248	2
240.3680683041011	2
221.28799678128854	2
241.7085281664517	2
221.92624732336935	2
231.70493695713262	2
169.61576598658877	2
161.8169660796765	2
184.64691621892968	2
156.3409565805039	2
168.46471592482345	2
225.9951967598268	2
190.51953606858945	2
211.37330361041612	2
237.84549451406323	2
153.19948814931266	2
193.15026658595806	2
175.08969618942254	2
182.0177256400998	2
205.87441940554567	2
177.65062716959713	2
207.14988876090223	2
178.79637798177933	2
211.50923002193497	2
200.49415393734617	2
224.09190056829812	2
205.5736665334535	2
196.7951614224036	2
212.70619705398428	2
261.8135142340089	2
193.97374009545612	2
222.6903382761325	2
202.27640386478535	2
197.10702720335874	2
214.70837612682666	2
175.0211291168766	2
237.23667912587788	2
214.2779780516734	2
228.68619444271246	2
175.2206531472835	2
259.3212632741158	2
191.34430030542669	2
227.40316077421107	2
221.4413047045854	2
221.2737601876701	2
171.15600125401843	2
228.62023202615214	2
246.45390912293976	2
218.06909605906952	2
225.57251654342957	2
160.35331266496163	2
196.4537346711278	2
210.02244040782594	2
186.72532355287774	2
213.3390061886546	2
193.8461793900936	2
214.16282429676784	2
194.31486476728173	2
217.32983534126325	2
209.62194507229242	2
240.6177430980994	2
193.70320805235573	2
206.77202441777774	2
224.2317815539061	2
229.13107941271585	2
175.39511233564465	2
185.09609933908794	2
198.0952898818003	2
157.77109213570898	2
234.59189960134165	2
189.5736928953496	2
175.28381897496973	2
216.0906847216676	2
196.68046705807842	2
179.16034229477356	2
141.69468062704632	2
215.74885641592073	2
222.61405343628076	2
204.3274764872746	2
188.16632037268616	2
196.22005233235416	2
183.80036163667168	2
200.64080812845037	2
193.29092343033028	2
239.3123346302903	2
201.8801978399525	2
208.29903804262852	2
204.31010287955988	2
228.91385608151546	2
213.521085305743	2
177.5663436042343	2
231.93170459273222	2
243.99107935069742	2
203.82936152162912	2
194.46591061123377	2
195.84185692782802	2
199.3057745360522	2
232.11354046389508	2
217.4896078406564	2
189.5769650617499	2
195.98244224874506	2
184.18244808917095	2
179.48713292394592	2
183.1521693494076	2
173.0120341304951	2
177.5331955859915	2
189.45531497705298	2
174.38226541011775	2
173.86849381847878	2
221.43363326658277	2
184.97422188065593	2
213.3655077232932	2
228.0472885704703	2
161.87385460539085	2
195.62417907174338	2
218.22682659472096	2
137.8434053546588	2
215.20158513125926	2
199.16234430916663	2
229.02050655929023	2
246.02296179491933	2
198.5921501430841	2
224.8886951641072	2
202.01065336621434	2
210.13217223983622	2
242.81686264276635	2
174.31367952943938	2
199.79850772267824	2
159.63086193014004	2
229.8533892507098	2
223.84251889398888	2
217.33126180007747	2
205.83724377931992	2
130.97146650105452	2
247.94854018011446	2
205.0739304359454	2
191.60823760356757	2
252.32273497947128	2
179.86979166399112	2
214.46375038605996	2
171.93237367374542	2
179.8059926900586	2
223.28610785884973	2
193.7637091185382	2
182.37026623893	2
158.25081923386304	2
201.0032299383092	2
184.10420428732226	2
200.67902541115959	2
181.13200658235203	2
198.9760018187193	2
192.64308362168416	2
223.7385484222508	2
179.72824263949326	2
163.78696817821404	2
213.82645328078638	2
228.47367679321457	2
191.7001191417251	2
217.8106997701308	2
206.75500747227503	2
195.4234252765216	2
179.36192856442472	2
253.47008391868297	2
242.2443978987074	2
211.9643993682104	2
153.47597243036657	2
218.82316692070256	2
226.21889092324878	2
215.5296573783443	2
195.14671591844265	2
227.3418415761882	2
198.59566809818128	2
143.22265308714395	2
197.71837101780054	2
155.51758939760467	2
171.66988809450342	2
187.32429374059825	2
203.01237229294074	2
168.49746219034782	2
222.1014150329326	2
147.84757108217795	2
203.19801190348423	2
234.91849734672465	2
202.72596722959727	2
162.77986447085289	2
215.42369414023534	2
180.43457441452392	2
174.9422592764621	2
215.56963727484126	2
181.5785794213825	2
197.0053304972429	2
238.9229306829669	2
208.30275280006182	2
176.5093844438204	2
198.3429382340102	2
155.7853558906526	2
239.70081774013823	2
198.53608107028955	2
215.31614867375762	2
261.7087157401906	2
206.6750288944447	2
198.2272885809889	2
226.28176842870084	2
198.73890806719007	2
192.80246787113666	2
161.63933803248452	2
184.59015471066377	2
186.7451563794425	2
208.8010857869986	2
205.58358283877863	2
198.4007018370815	2
172.99966924125764	2
203.45489937537198	2
216.09264526866832	2
234.8108254397864	2
167.35534799024884	2
234.05631099865792	2
196.27656636567724	2
163.25994752620542	2
245.45836355642126	2
185.70628934651646	2
202.27621582628302	2
193.346665835776	2
200.41868576839497	2
211.68951571831954	2
208.0454738562655	2
222.59022984100935	2
163.4635740630845	2
208.10854431846906	2
159.25320165287587	2
198.2266603243241	2
226.44803633093926	2
158.00497936910267	2
207.5426651190662	2
161.38522557662588	2
206.88959833796017	2
154.802330163097	2
176.40093357064922	2
182.90500201976585	2
171.9520673303987	2
277.25816563018344	2
176.7519822174761	2
214.44224325405807	2
219.4044175496237	2
226.18941430729623	2
179.64998861196997	2
206.65925840117964	2
173.52615257684252	2
167.7436771290261	2
244.31943264867647	2
183.06176038935558	2
201.0017570714546	2
161.08472597378372	2
203.25188382643202	2
208.02810239323802	2
171.7700908019713	2
187.05915465727895	2
204.7281685860449	2
215.49081783291484	2
218.43006505495848	2
201.70355368715008	2
213.4144506851585	2
212.1126654008468	2
177.84035863118754	2
194.27073751768273	2
217.876392794686	2
198.9170696534121	2
143.29983225142837	2
165.7673969215531	2
226.67369707209457	2
188.78119261166157	2
189.17677606806356	2
207.08010043841264	2
206.42996295283226	2
177.39444411459934	2
207.5387914614653	2
190.63292867371263	2
184.0443572994019	2
140.66638360318007	2
202.45574157732676	2
192.75045493519008	2
182.94322431609677	2
223.07985240336498	2
217.21520275799256	2
188.542806901493	2
212.72565806891103	2
187.27534163555686	2
200.02655439765942	2
208.3835985485879	2
199.44378143769714	2
218.25073959832474	2
176.363894465163	2
204.06668994620466	2
213.22839352326488	2
205.27880335510656	2
198.94227104540653	2
158.67198560687234	2
132.70639468548887	2
171.02005543838916	2
203.9627987912981	2
239.28124157812624	2
211.1099810987913	2
204.96684239125818	2
239.702572923925	2
169.33494280910477	2
223.7784909257228	2
204.19027196532497	2
186.86842825443426	2
223.1264288223854	2
237.85743784432208	2
196.8741820495909	2
192.165392838743	2
139.72052639107477	2
209.72695926532833	2
178.13231465127805	2
210.50806535390586	2
217.3249135772964	2
187.12830043500716	2
219.81085847610734	2
204.07115571086834	2
232.11335407948965	2
197.93891192368315	2
202.85371683860157	2
180.84062930523493	2
232.0687886988323	2
228.97317923879407	2
149.83142996251738	2
199.63873873792093	2
143.0421724898748	2
154.82295966284806	2
171.55576098714658	2
222.15790325420411	2
259.4355934083925	2
166.73550717044444	2
254.8966233209866	2
190.78283946652817	2
216.6873665429783	2
203.71280867715362	2
210.03090071746635	2
163.70952084013913	2
193.8936093969102	2
171.05623665645638	2
205.0821731058091	2
162.61732245772907	2
182.36057767753124	2
183.35599101584597	2
197.0767486868422	2
197.7205078060032	2
188.39075210831834	2
187.59874268365195	2
190.42717280164933	2
222.12033975281273	2
222.59454156064825	2
229.22380017172424	2
190.5213200051244	2
184.7928303067992	2
200.78758292907048	2
223.18417698314673	2
206.08059294799608	2
179.3826458859907	2
232.51678659514346	2
200.99938260498251	2
211.75712189930064	2
201.15557372126364	2
169.7302317511503	2
212.94155672626536	2
187.13565112565436	2
234.2792818266731	2
200.50746126630685	2
130.7778895088333	2
201.07681972238285	2
217.87590621116462	2
200.26825893816147	2
177.15377290570137	2
234.26756586828145	2
223.5444029656353	2
169.22168576334812	2
218.09146125630622	2
227.66377334654302	2
204.53601699075116	2
221.78365407432992	2
216.35569352741663	2
228.3990562014925	2
223.4761290827059	2
182.62624721376167	2
191.75442148965445	2
165.52215712973697	2
172.8922625530707	2
209.58561615783563	2
138.28105621593664	2
221.2988221519923	2
156.96089542858152	2
216.2226276013579	2
176.12950070585987	2
142.34751867461114	2
221.6636138894617	2
177.1442996123703	2
229.7696079618818	2
198.74560295419295	2
205.3375439768906	2
176.88927964481135	2
215.19416972525963	2
201.4820834994573	2
239.05812510684206	2
221.2050514047604	2
203.3221887148971	2
207.7077550561249	2
167.27950711952155	2
196.24423088505716	2
218.4227035834387	2
206.12053604756844	2
194.32011259638628	2
183.3255582653393	2
201.30700166482686	2
179.32843210949613	2
199.48837932983352	2
209.5596261713525	2
245.66389621267388	2
170.77336843125343	2
194.4598709988039	2
240.63913428449146	2
212.5795647963186	2
142.09733656282629	2
228.56207776969973	2
200.356121513789	2
244.95783960690844	2
170.8040238854851	2
239.2054178346546	2
154.73364069375828	2
222.67506578014948	2
212.14285008027227	2
202.24575893579274	2
245.07288540765984	2
199.70537661610456	2
205.75361612053837	2
252.66827561178215	2
218.01298131128152	2
220.68242396632428	2
186.53382731181745	2
205.38660206752428	2
181.68556761039423	2
161.37944856383623	2
199.00019128275508	2
197.5931953979195	2
239.98080218428868	2
174.73575757141583	2
240.15260246235243	2
214.06502337565666	2
189.27004761628504	2
184.47092194607058	2
140.86508026102675	2
200.78135721622004	2
222.5459224056013	2
208.1233283083661	2
205.0070280747779	2
230.70246270461763	2
174.0948650136365	2
199.1152398932464	2
166.16391554583979	2
182.83212741169012	2
214.19389374480664	2
164.38426610765077	2
156.1666651943854	2
198.03055585650839	2
206.8882399834745	2
265.8411638944957	2
200.7935345063187	2
159.14279631294164	2
173.32105958155643	2
238.36545233199467	2
208.529151811328	2
200.444574079691	2
165.15562273315197	2
181.94988535072895	2
151.82822616591426	2
215.53030085610732	2
141.3468659568872	2
216.10775491878957	2
206.220190066505	2
221.9318211214861	2
153.0097762719498	2
204.1168968475357	2
157.5733809967772	2
210.98602224178393	2
211.89030231115527	2
215.69390254866212	2
188.26857337208634	2
173.3419168162496	2
225.68617031592615	2
198.8468946328699	2
198.22720574524152	2
161.79749749955892	2
171.0791040023623	2
224.07121722769483	2
199.1167440926901	2
180.37862708455083	2
215.24220868647524	2
206.9578566503938	2
153.60366424598922	2
223.03399858473477	2
221.68131976657588	2
212.66150882849743	2
181.29629434485165	2
146.92398537122267	2
176.3181885970104	2
198.95948490149436	2
224.87426189553852	2
233.606407103084	2
239.9095078304974	2
216.24871645443233	2
213.0482024269694	2
202.08076282937265	2
187.4149945060837	2
135.81787565936423	2
185.23706420860972	2
219.43812757659407	2
219.26927756443067	2
176.2122046366195	2
218.57117497684547	2
206.25058037954975	2
173.66146862680486	2
165.6019657405529	2
198.03389442986705	2
211.30111695297597	2
200.49813957651932	2
184.57425814994474	2
184.88373172988136	2
193.46318574817948	2
214.37188377826536	2
194.06067091681325	2
216.2495465377683	2
227.84013863639797	2
201.9534757148598	2
223.60205944809294	2
211.47472525221036	2
186.77266408965207	2
147.88439274137028	2
205.21211248864992	2
190.04742707561417	2
185.5012057832761	2
195.77405925631268	2
246.24616525032326	2
160.87583181554427	2
216.32422161176876	2
223.07643764885407	2
195.2934252277485	2
221.12531170840614	2
236.79523643013738	2
176.443692018854	2
181.29464471509615	2
214.1073849857125	2
212.76253682118212	2
234.77776155156693	2
218.68017024760346	2
212.0095647387975	2
206.22850053726404	2
154.53098425320636	2
197.6491667204196	2
232.46868489116082	2
192.0098028622231	2
190.4392319485255	2
191.05370792885697	2
242.732281227588	2
178.53666477541302	2
186.69418793156223	2
222.48589113393217	2
215.95366352440624	2
212.42629720908928	2
205.34945282503148	2
211.9887783620931	2
173.8748062824008	2
138.09219609542376	2
197.62188509771357	2
202.13276812538024	2
164.17934710864722	2
216.0341292740897	2
177.47955844372396	2
230.8193546888877	2
209.4294791005186	2
185.57984531396346	2
170.9260197734734	2
155.95961316504062	2
197.7800948661608	2
199.36753856189284	2
203.87562483720615	2
213.50800652288348	2
147.28012169810614	2
186.08575971255004	2
244.04137698126115	2
167.88967548506588	2
200.2205242729166	2
170.96642978558862	2
174.39696140703109	2
229.04734832633292	2
226.6875999640436	2
203.35710207373614	2
181.52290824713148	2
228.40739738320264	2
246.5267577453717	2
220.00926397184224	2
168.79275275799037	2
208.83218761190554	2
218.52084508588607	2
159.9801506767986	2
200.50906971302973	2
221.04479754213259	2
181.75920566590625	2
205.65432208159436	2
234.00463570722127	2
170.21853066695562	2
261.4508312948613	2
180.01501568850358	2
151.65839289357598	2
242.9659818368549	2
233.3925426395026	2
176.30561804810986	2
197.4124298710912	2
277.17807689707104	2
219.89798272863203	2
172.10512742911123	2
186.4975739333106	2
205.56287633482103	2
164.8697552142907	2
175.4144968602307	2
196.3690065559121	2
198.7318282939796	2
170.51480899349218	2
212.17703722733046	2
211.9166578033826	2
218.18599427009494	2
221.8068920552735	2
188.18089751309185	2
214.5891044325664	2
196.0435188070502	2
142.03382875977175	2
180.34490481667817	2
186.85048907802135	2
213.86415981941735	2
238.20292859522357	2
178.40404549025516	2
162.3785445309407	2
