-2.433424945132111361e+01
1.717260308113795020e+01
1.956578956976784411e-02
2.626403602804235504e+01
-2.193456538273600032e+01
1.266641573723848424e+01
7.010155887052198409e+01
1.447284584311996980e+01
3.637553906443540797e+01
-6.223002201325389393e-01
-3.042622588484959323e+01
5.184730847989108327e+00
7.321682620267625907e+01
6.176496493061561210e+01
-1.742409539430460796e+01
2.281583463614138196e+01
-4.206482197133025380e+01
2.088689604130267696e+01
7.619186854856550895e+01
3.911969639879985294e+01
-3.325774563116071647e+01
5.180406668292145156e+01
-3.977916229913665447e+00
2.602867728382927126e+01
2.848707024623531936e+01
1.096670395510727580e+01
-7.692209143501489876e+00
1.112409480261716368e+02
-1.590712675746853932e+01
-4.296534229606906763e+01
2.863839359356115466e+01
1.221364161744143217e+02
-6.435870925102322815e+01
1.656500813991385712e+01
4.623731960086220738e+01
-2.473889052109702646e+01
-3.101090285824561477e+01
-1.629265838213716577e+01
-5.085069607451339735e+00
-5.796798951616837670e+00
-1.993461810419872648e+01
3.976136779079856609e+01
2.342202023353017637e+01
6.475071669810968444e+01
7.095887962091720169e+01
8.658829873046142822e+00
-3.258364113252051197e+01
4.985871077609306212e+01
-5.351396168187090296e-01
2.893835515548899728e+00
4.325809234340668041e+01
1.507727985012094862e+01
2.472315496815314617e+01
-5.153367048111903870e+01
-1.561059751759314906e+01
-1.509128044386716994e+01
4.028620432199027590e+01
-3.311880846945988566e+01
2.003036681560023169e+01
1.471100830179469732e+01
1.239306740148451347e+01
-3.164865756029774246e+01
-3.083763193594213448e+01
8.278953266075674833e+01
3.130292083135706172e+00
-4.117966316239720470e+01
6.787331640258744869e+01
3.486736015069655537e+01
2.568588518938054932e+01
5.199302178054899315e+01
6.890015399688110165e+01
-4.522616326796764952e+01
5.974635435596837141e+01
-1.113710607083293880e+01
1.269578368046655470e-01
-3.196180745833242298e+00
7.243863262008304105e+01
-1.622227248788472309e+01
3.435348356498292333e+01
2.221885779133288707e+01
3.439201172839060661e+01
-1.297717090293462050e+01
3.375232290962482296e+01
-4.095800525738365394e+01
-3.567883929575619106e+01
4.120603750305803459e+01
-4.108779645993253382e+01
-2.414749630094695476e+01
1.049046294348705466e+01
2.031002921024059305e+01
7.321319231806050709e+01
1.125947633048560093e+01
1.453208607947134468e+00
2.288793598062852652e+01
1.288233375341950193e+01
2.564360462970540766e+01
4.831584707463846229e+01
-1.462430169244610667e+01
6.234448629661160091e+00
-1.977467988285026834e+01
1.018679250012026039e+01
5.258153133863821438e+00
-4.182801015448540483e+01
2.259753792862349542e+01
-7.126832378688307301e+01
3.464395283154831873e+01
3.602573827858662270e+01
4.502119400555540096e+01
-4.216205723162677543e+01
4.063738766047622164e+01
3.298923007730809331e+01
-1.721389587913942520e+01
-2.802391036542848468e+01
3.283206648910057623e+01
-7.947250001045134127e-01
3.174110276262025820e+01
-5.661847644712734606e+00
5.063326438069742608e+01
6.975499888091834855e+00
-6.898452048073007603e+00
6.455354384964283554e+01
-6.402731993174164415e+00
-2.915728017881678014e+00
-1.141787287558949870e+00
2.049599625860356156e+01
-1.454900577405841844e+01
-7.941422570924732582e+00
-2.272172488899474274e+01
-4.793229819193622632e+01
2.503618147307670228e+01
-1.740609473742109969e+01
-4.105767237142882919e+01
2.669810084092944180e+01
3.936424420790156375e+01
9.264742647492757044e+01
-3.996812870871249146e+01
2.180666567697307556e+01
7.937702281667054649e+01
7.143373397715191686e+01
3.713785574422228564e+00
3.821536535716835203e+01
-2.297171605308462006e+01
5.599569193702939174e+01
2.604105747776943147e+01
4.020993635157739732e+01
6.802688953899431112e+01
-1.667167155632810704e+01
9.273028074022825251e+00
4.484565710842991137e+01
6.619190460480421478e+00
-1.728308860334337638e+01
4.805540436057125220e+01
5.848734183371117012e+01
-4.698733235105735417e+01
-7.183918227227056974e+00
-3.153494708465144925e+01
-2.922802265968442015e+01
-1.568007987260257963e+01
-3.444629006584969488e+01
2.483551704018370998e+01
3.036764798873569404e+01
-6.122269573106873253e-01
-4.716560745890188144e+01
3.496590674008150756e+01
-7.964401698000465046e-01
2.328340618358783942e+01
-3.698514875625237863e+01
1.873132374029997749e+01
2.554387869348418150e+01
-3.064316907231754072e+01
4.013224839228871588e+01
5.106699871058683726e+01
-3.200860397518910361e+01
-2.062551182417633910e+01
3.590658029622449021e+01
8.060809961048836669e+01
3.518213434767046266e+01
4.161291968055643054e+01
-1.164810566487333077e+01
2.983619646589888674e+01
1.194935135800717951e+01
-1.628921499090116853e+01
1.631255891527870006e+01
-1.129734411196992028e+00
6.835880031167840798e+01
1.768963376216370165e+01
2.055932242120056230e+01
5.278978803612193360e+01
-1.885747474640027121e+01
-2.311433777910986720e+01
3.025541200690099330e+01
3.933897507408588723e+01
1.859351536391223192e+01
-1.856499474395220162e+01
-5.440829610527314841e+00
-1.653580775735672148e+01
4.345368745084692108e+01
-7.240690048371615717e+01
4.627909437990032870e+01
-5.751901590529099906e+01
-2.888389391696584596e+01
8.189710268627448997e+00
4.494112831237598726e+01
-5.471014635681098071e+01
8.148088506297581546e+01
-2.290144801612673575e+01
-2.052073780382581702e-01
2.393977452486134894e+01
-4.063378714198648822e+00
1.029518160200861843e+01
2.757690728231585808e+01
-3.144148902989562089e+01
-1.295090062965722666e+01
-1.114787436202314908e+01
-2.005417278874891451e+01
4.798159955573800772e+01
-1.114143587074266861e+00
-3.782738598842581013e+01
5.121700139349403713e+01
2.818069475459689954e+01
-1.166560384883048584e+01
4.760858529833123498e+01
-1.074188078086623932e+01
3.613037316007424238e+01
2.752281499383898478e+01
2.295141201161499112e-01
4.508809272420129588e+01
-4.955729621581559030e+01
3.716820864755341347e+01
4.844651614306290810e+01
8.926039343812858817e+01
-1.739740691813404894e+01
-1.392214426128114724e+01
4.872358589258745099e+01
9.536197291648664986e+01
-5.678916671063836930e+01
1.123528565226019182e+00
-1.125833845236689612e+01
-2.292727335634839392e+01
3.712050892639687305e+01
4.977811743831388469e+01
-2.320835464643940327e+01
-2.629813446267959876e+01
1.585744997353894448e+01
-2.248231357349356330e+01
5.674186846432482945e+00
6.163672510668160243e+00
-4.748823366903521048e+01
3.018339167124454647e+01
-6.146624809490602104e+01
-2.543407828469405274e+01
9.651119332576914900e+00
2.792636031970280541e+01
-4.841846050805211021e+00
-1.582548353734019742e+01
9.115393916863430945e+01
7.321385912240202742e+01
-3.347922022433237998e+00
-2.083186177314732390e+01
-4.067365137345622372e+01
7.396840841214907414e+01
6.262605167823355856e+01
3.040914282602172491e+01
-3.391963570775519088e+01
3.761628611099889952e+01
2.160102394293292605e+01
5.123010710997012751e+01
5.238731277338999348e-01
2.808837989196368845e+00
-2.064094918165356418e+01
5.843899223076530092e+01
1.620026171484442656e+01
6.220103141963989657e+01
5.096760214122922683e+00
-4.284191819332479056e+00
-1.040364458570478945e+01
-3.851981185165404753e+01
-1.379643011654123086e+01
4.997024027346025576e+01
-3.539118356737298399e+01
-3.277287901980518114e+00
3.957923593432786546e+00
3.760193367449862656e+00
-1.352611055180453548e+01
5.454954216995027849e+01
7.567683679770087224e+01
1.230375318532418838e+01
-3.692617290119861195e+01
1.211240163782024482e+01
2.097216891581821230e+01
1.554882556171185648e+01
-1.064334618448468461e+01
-2.810733803219115146e+01
2.105451374349416227e+01
2.165261636559518621e+01
2.350478648275955429e+00
2.725602278920095856e+01
7.233429269752932100e+00
-9.975867719499294850e+00
-1.090924075436644713e+00
-1.622483475595909042e+01
-2.966983975866660472e+01
1.496706241623739153e+01
1.530137170687233095e+01
1.040940069272647861e+01
-9.079998480145128781e+00
6.531631651313954023e+01
5.047286889441649294e+01
-2.744434389298261223e+00
-3.881486992300315109e+01
3.233692711706948586e+01
-5.566785052682643453e+00
-1.975730091464092908e+01
-2.138951711881230011e+01
3.530787407942901979e+01
1.714445726788314772e+01
-5.175333184196765757e+01
2.597889257137119046e+01
-3.663156774510557057e+01
8.291733246711874017e+01
4.707532426447153284e+01
8.941494052892709377e+00
-5.756488819960665637e+01
-8.195916540931044381e+00
-3.579484806866519619e+01
-4.618322366900887488e+00
-1.589344630288107396e+01
4.394856528800918483e+01
-1.774092974630860198e+01
-5.066603815802805144e+01
1.311976964506146537e+01
-1.269756518577038662e+01
5.437573635697715702e+01
6.077712038470772171e+01
1.793721485529591320e+00
-2.321946465122606895e+01
2.611267407767049420e+01
-2.152665927222381725e+01
4.132416020217544173e+01
-1.381922670556054555e+01
2.678844446582620442e+00
1.495034747836273326e+00
-4.022537602029247950e+01
1.696359217433816013e+01
3.803338567405874926e+01
4.044390597866532744e+01
-4.795134559102883998e+01
1.462138558259058918e+01
5.287529112909568596e+01
-3.398935921276070360e+01
4.573486312018086863e+00
6.735205261845841562e+01
-7.342442110006839329e+00
-1.610192133846371831e+01
2.702399115066157975e+01
5.552542374745284093e+01
2.965016271313253959e+00
4.402912830268797251e+01
-1.654229737726732097e+00
3.319108391758877019e+01
3.318233589362960423e+00
7.372775886138286161e+00
2.405460855128750808e+01
-2.107613582522533235e+01
-1.381185008623326382e+01
4.612741642335436154e+01
-7.983986394064384484e+00
3.240782621241800499e+00
-1.777662351970610644e+01
-2.279274553430159500e-01
5.115508632291774660e+01
8.840402338266234494e+01
-1.606689419603123881e+01
4.195430908002251158e+01
-3.324695255843507624e+01
-5.460741622909102944e+01
2.458914251408977947e+01
4.297894175556526974e+00
2.513787006154434067e+01
2.109525715137854718e+01
6.630588742365128496e+01
3.475990698308341287e+00
4.489351229983861202e+01
3.425290666419710561e+01
1.515743471245118457e+01
7.659863021677870698e+00
-2.665902023817494637e+01
3.567891863344589609e+01
3.748980579642869770e+01
-1.628237157104947030e+01
8.808298584990446045e+01
-1.804200656631849142e-01
-2.469205765486229609e+01
4.675467994714971098e+01
-1.686216423799411501e+01
-8.720084818132715299e+00
-3.556052895275279724e+01
-1.830821767181917892e+01
3.316919066553970197e+01
6.813441855039488360e+01
3.502849410624088478e+01
7.336475772897824754e+01
5.542292553931863353e+01
-2.589074993797062518e+01
3.214695082594626285e+01
4.014469779980429642e+00
5.534661383896509079e+00
-2.299537433646044349e+01
6.708828936826395761e+01
3.197662050803105771e+01
-2.374898607386627702e+01
4.397741330675051330e+01
7.594620335124017174e+01
-1.000415780938140387e+01
-4.856414417312112874e+00
3.865992273901152743e+01
-6.100151440135216774e+01
-2.261995604394822834e+01
4.487084739984235426e+01
3.539077980544962543e+01
-2.526185630953634131e+01
-1.324981359781816082e+01
5.139391457901930949e+01
-1.100293037057005208e+00
4.202692668155432187e+01
1.215188457995252946e+01
3.564052106693502253e+01
-7.418992540602022956e-01
5.945539165593121567e+00
1.260041301170220507e+01
8.461430962318701177e-01
-1.839473618669370225e+01
2.765304175469786685e+01
4.754830153535454684e+01
2.580282732990075800e+01
-1.147919594325864878e+01
-6.793109414951308622e+01
4.313288586895549770e+01
-4.324800754509296752e+01
-2.156350127099056024e+01
3.327367730257884659e+01
-1.353205868667140166e+01
1.057820970402764615e+01
-1.698682458505807347e+01
1.663806982567231074e+01
-5.167539375623817932e+01
1.000490246674811772e+02
3.173323354334809210e+01
-4.188287985353048271e+01
-5.252886516553546770e+00
-3.604932839129812550e+01
8.378472360734252788e+01
-2.154187503349781707e+01
4.377512427561245545e+01
7.437132339013555793e+01
8.943396345495379762e+01
6.868288913643544902e+01
6.446678912412093609e+01
7.254107368820153567e+01
4.209543208868784347e+01
8.907097296800372987e+00
-4.988951674251860879e+01
2.092833320030414512e+01
-1.755179543359863814e+01
1.013383879035665025e+01
9.176173701973420194e+00
3.575551592384118749e+01
-2.462986556914087544e+01
7.029783863172463043e+01
5.883380858868166996e+01
-1.483176219393597250e+01
2.388715687755057715e+01
-3.280293109512916772e+01
6.154484370306172991e+01
-5.184297308577697549e+00
2.573633845414487809e+01
-5.180017164678091035e+00
-1.119691712181356635e+01
1.432903813724702147e+01
3.869082282738806100e+01
-9.447614591915463933e+00
-1.232545418964082984e+01
2.217904433841596656e+01
8.456775859772618276e+01
-4.731837789255402882e+00
-4.505624169170507543e+01
1.522478713437619291e+01
5.574572826400878967e+01
1.901121106318495890e+01
-1.383111720886991236e+01
1.925325722988163335e+01
-8.809323659016818908e-01
3.590456088733293427e+01
3.038217095528903755e+01
3.359102104758812857e+01
7.783365579635020026e+01
-8.675955758605134349e+00
1.428738356363624540e+01
2.050225235594506756e+01
1.562558863314965407e+00
-4.233346208564604041e+01
-1.938977158763473341e+01
-1.123159445753283947e+01
6.648715138173452388e+00
1.283416407882766919e+01
3.885671563467965939e+01
-2.239166369809058210e+01
1.794849869357319250e+01
-1.431447568933320014e+01
8.429465343764922736e+00
-5.171336279745893449e+01
-1.463298505873289912e+01
2.095261489038948710e+01
2.721110065049093052e+01
-6.677887132798417724e+00
8.094268955148850253e+00
-1.136749279936196544e+01
3.616528298138167941e+01
6.947453974498706053e+00
4.124268703140780978e+00
4.190655724645783664e+01
3.491873044028659478e+01
2.238801548321111312e+01
3.587980109389454242e+01
2.737528334699336874e+00
5.238644257826334361e+00
1.442108189079683456e+01
-4.787105595028430827e+01
-1.981638149721824860e+01
9.486361434233921841e+01
8.902008951118698121e+01
7.693854879274189784e+01
-4.011109290621914170e+01
8.170267930744646634e+00
1.343296835741960926e+01
5.097511732589180866e+01
1.003901496698454565e+01
-1.473440395895412891e+01
4.159270873159393034e+01
-7.697000401568128325e+01
3.563723010438286565e+01
-2.654808268030117802e+01
1.272631659732383014e+00
-4.056812185355563827e+01
-1.157540357335435388e+01
5.267436421448365991e+01
-1.598389641157801933e+01
-3.713306618068937581e+00
-1.866580943401440962e+01
-3.775360115699876928e+01
2.706857545601152992e+01
-1.982929925061802479e+01
-4.508864604463332881e+01
-3.479074628701663130e+01
6.760450825464990032e+01
4.847584759166444002e+01
3.358473624747555419e+01
1.336172706228106399e+01
-9.664537483670198270e+00
1.082301415651199505e+01
4.232928376008091575e+00
1.955401762170536983e+01
4.088233764354757227e+01
2.293495263677231577e+01
-4.781543989850306531e+01
1.114264082102488196e+01
3.690754794298636909e+01
1.393472864627014118e+01
-3.740142806534684894e+00
5.887924890913733833e+01
4.621959323028664812e+01
-4.929658079938743498e+00
5.490273131145755769e+00
4.944396212705821370e+01
7.064218624228935539e+00
-2.775014748824202115e+01
-1.523546919794405596e+01
4.826424058200546341e+01
7.250489467172695868e+01
2.074019558362964233e+01
1.455403568528297598e+01
1.485642439121530600e+01
5.997237664546946512e+00
3.102880693941990842e+01
-5.177844573578021681e+01
4.619657894103243478e+01
-2.960976283528871988e+01
-1.657111887660810723e+01
1.228283575729871302e+01
-4.276607644101833472e+01
6.405538043143034876e+00
-1.432746860974440040e+00
5.379934390825523849e+01
6.398184983640188506e+01
1.446440229004596034e+01
4.458149985183930397e+01
4.105909988530901167e+00
1.788659328838100393e+01
3.330518377690732024e+01
3.903557066061345893e+01
8.160262037759341069e+01
3.319406565733570957e+00
4.531361113346260794e+00
-2.592041726120833545e+01
-1.272102970290102419e+01
5.216850213075561271e+01
3.352517596017309032e+00
3.837505814455496989e+01
7.519577649540855191e+01
4.645729208938796972e+01
8.289250689711671782e+00
6.845138724841871181e+01
-4.997424341531386460e+01
3.449674917164309562e+01
1.130176912871874606e+00
3.049952369745198411e+01
3.310705001137837655e+01
5.382467622269662577e+00
3.277529380378614121e+01
-8.238665243936870297e+01
7.120242726948259815e+01
4.408181218707300530e+01
1.064330143369939208e+01
-2.702574669507313843e-01
-1.126080732944810237e+01
1.882500943389592862e+01
2.047300475999064773e+01
6.157629891167811564e+01
3.835737603626992609e+01
3.585534136746554168e+01
5.833766260757641930e+01
-3.313031511755196590e+01
-3.450694247463673747e+01
-1.725547334503208319e+01
5.735336263851640126e+01
2.931449497430754647e+01
1.718122166095221814e+01
-4.841797031362354886e+01
-3.905898649216519303e+00
1.927908030928009353e+01
3.997415259772819240e+01
2.529864175430254392e+01
1.498316931957053733e+01
4.403434579366417267e+01
6.605707355341900211e+01
-3.169399163563925015e+01
-2.435638725375878266e+01
3.383495599178431235e+01
1.662871789133636824e+01
4.804965085765849864e+01
2.395912533053675020e+01
3.340721371535387618e+01
4.036580232034918936e+01
-2.343108815820627910e+01
1.280409817392161287e+01
3.705888462697825503e+01
5.583899813018274472e+01
-3.516346710845789403e+01
3.846274029906470560e+01
4.241787789625393401e+01
7.636182447073692003e+01
8.160707374096257638e+01
-3.436587072373784224e+01
1.496258558648551684e+01
-2.688453840490601010e+01
-1.569010411716650211e+01
-1.167029038913604637e+02
6.950377632006924955e+01
4.436875834276353459e+01
-3.081456747915304817e+01
-1.648078627027126686e+01
2.711968442550592329e+00
-1.265374776803616541e+01
9.866520404891602425e+01
4.862717589073302982e+00
-1.275354927651186543e+01
-5.508390672811302125e+01
5.791332584932162852e+00
2.835732155005716848e+01
-3.930990796194503645e+01
-1.075675584538065621e+01
-1.246395172568186638e+01
4.702493608286764015e+01
6.209987943195043414e+01
-3.151089923040790097e+01
4.362353800409556470e+01
-2.710294106903642586e+00
1.952057697803123659e+01
-3.055412206410919040e+00
-1.234373783174186556e+00
-6.664874690631920373e+01
-3.355860382897838434e+01
7.714348493144385088e+01
4.991105887388043527e+01
3.374784250154618803e-01
-2.504853663310553458e+01
6.870118793774148358e+00
4.067320197330610654e+01
-1.943605704221214125e+01
1.584963655347824130e+01
-2.026730162197216600e+01
3.240243852100172717e+01
-2.496575512921584306e+00
5.043990732065283566e+01
-1.165466174052615500e+01
-2.733123114196940406e+01
-2.340059641482909569e+00
5.963215370689729156e+01
-3.060546374571504913e+00
1.505163535274991737e+01
2.994241132830891772e+01
1.100268927675156938e+01
5.682119192460164392e+00
5.654074382024128198e+01
-6.003480683409208041e+01
1.807252607849296311e+01
1.063539160228193836e+01
-4.651617293541594478e+00
3.200105527908552716e+01
-2.536045626859614543e+01
-2.333573798309448222e+00
3.891479212319349301e+01
-6.564362283802203990e+00
3.310910304097593837e+01
-2.634048199654176869e+01
3.859858803082319412e+01
2.399280326894015758e+01
6.098734230171826809e+00
8.065586271717874922e+01
5.345300931636790409e+01
1.589405068609750238e+01
5.536993613593855912e+01
3.979359825310166343e+01
6.241536328706368408e+01
-5.064854896204960255e+01
1.258343298264734145e+01
-2.536120635176384752e+00
3.655144426498077692e+00
1.053641832784294863e+01
7.176406595675891253e+01
-1.979068383677353182e+01
2.683402332150762959e+00
-3.430214082960524280e+01
1.028334206021801478e+01
2.662309136294403444e+01
6.831330227657375964e+00
2.625650975953517019e+01
8.147574758705711417e+01
6.355557292492609633e+01
6.414131034920592356e+01
1.945487983627819517e+01
3.410247210038137666e+01
1.226815262539929563e+01
2.576021440722763600e+01
3.131616143103787309e+01
2.855278553866342861e+01
-5.864217944126702164e+00
2.991446761719214820e+01
-4.333145243254976720e+01
-1.746121650056283059e+01
-1.548335293516143096e+01
7.145149300463962128e+00
-5.706046557298296307e+01
1.433292458181048268e+01
-2.586175281530410075e+01
8.854121999101774776e+00
-1.512022404553990285e+00
4.260768275919546255e+01
4.271525956426859238e+01
8.947333961324366314e+00
-2.244065774888472475e+01
-6.918759897886386057e+01
-4.388339091142015036e+00
-3.895045515711829864e+01
1.095310000861944388e+01
-1.195979189063324455e+00
3.439440445335173990e+01
8.577181862853741734e+00
5.287994740407202698e+01
1.469852912587175098e-01
2.135804513994130005e+01
2.874635950486576519e+01
2.234192417542404741e+01
-1.015406613644960743e+01
-4.615366286846682442e+01
2.669542880785823158e+01
3.493642388746312122e+01
2.421200636230537739e+01
-9.687198910514229766e+00
-3.574802315664420149e+01
2.013290451075031484e+01
1.317803369578073891e+01
1.504205664255913177e-01
-4.913838138994478300e+00
-2.210085823672547178e+01
7.191383474219107086e+01
-2.779586841213617987e+01
6.245573940989827832e+01
-1.529947197908094125e+01
5.406891023158365783e+01
6.856233938560993124e+01
1.402995402304902584e+01
-8.174886634412608544e+00
1.038590365857766429e+00
1.444912575317379222e+01
-5.579118361816850324e+01
4.240378738649629753e+01
-3.285566533318972660e+01
-1.031674734928699877e+00
6.811586369261639184e+00
6.861363987247663943e+00
9.333025589388487475e+00
2.013965589532878298e+01
5.153715613957190556e+01
1.230313305182449568e+01
1.510085041787795035e+01
5.258148310030153283e+01
-7.351817872173866419e+01
-2.090417185581102899e+00
-2.002491611968735441e+01
-1.368270780760258631e+01
3.456597023000690427e+01
1.390897590085214297e+01
5.313476086832999101e+01
3.750279162846699421e+01
9.287164517751797632e+01
2.940480533828213616e+00
2.392058972385209259e+00
-5.025107421320235090e+01
2.152017653232649508e+01
6.181185822011904207e+01
-3.171004484236204490e+01
5.311803057534183381e+01
2.602316917013200737e+01
2.295009902295013404e+01
7.057717021372717170e+01
-9.267055696844998636e+00
-4.683672034938573603e+01
-3.366949272179393660e-01
-2.116681063236945448e+01
5.400614191139746367e+01
5.198024684189138611e+01
2.408372646532549055e+01
-3.994411355377218698e+00
1.257700898609197537e-01
4.354465593221402742e+01
3.468210666885349980e+01
8.508239703872503412e+01
1.831757964209112899e+01
1.128972528043495061e+01
-1.065008083008931905e+01
7.377005547242977457e+01
1.993065957972092761e+01
-9.369137132642536869e+01
-1.849206024898693457e+00
1.067432203202381835e+01
7.694857785603858247e+00
-6.416515515126751268e+01
3.245356351928147376e+01
2.676014669967906201e+01
-8.642313160542819617e+00
-2.629004129332324879e+01
3.072615730740433193e+01
-2.363460427907624961e+01
-3.025227403560409556e+01
6.856515807523634010e+01
-3.253042602543828821e+01
-2.158266648896656648e+01
-1.472573904583935445e+01
9.001800170316190730e+00
2.726391731686384290e+01
-9.077035350309549244e+01
2.513437860804299362e+01
2.010679136460722560e+01
8.987723780556935438e+00
-4.092933095781554442e+01
-1.343392221232427630e+00
5.499832965927989648e+01
4.966603779262977980e+01
-1.028791891524491220e+01
-2.168763701969653468e+01
-3.322925313802634406e+01
4.839287227358131105e-01
-6.301344325778555344e+01
2.352640634093786787e+01
3.134974891742758984e+01
2.204971285728163366e+01
-2.158142640608177132e+01
-1.287986776851679949e+01
1.739630421790503334e+01
1.000529561161245624e+02
1.857219534056789456e+01
-4.348401998455955209e+00
3.474481031125382913e+01
1.057595914175931462e+01
-2.152549239884249488e+01
4.971002743948182001e+01
1.982936411898237949e+01
-1.157906628261212134e+01
-1.092379286877171296e+01
-2.427978985501086839e+01
2.703530475736434902e+00
3.607621051835374004e+01
5.525146225872918393e+01
-6.242247200995596046e+00
4.824435219606225900e+01
6.126602533990218546e+01
2.932188926727915756e+01
-4.286948914622126949e+01
-2.646450582597971390e+01
4.283451751768018845e+00
3.679158179057385070e+01
7.244660135350153496e+01
9.427697848813867409e+00
6.613096963115015114e+01
1.802817857592427586e+01
2.959093386372363632e+00
3.227641982266806053e+01
-4.423180867488792245e+00
8.045188772910393027e+00
5.561575511641733272e+01
2.085176405907630581e+01
1.252224646214767390e+01
-3.556997177866227844e+01
1.385795882010792468e+01
-9.170748881753894466e+01
-2.371088398811861708e+01
3.881502016683879219e+01
5.689727991592401679e+01
2.986692564784097215e+01
-4.299178807069194974e+00
-9.517487282090222322e+00
4.622897502772219269e+01
3.999738420174723785e+01
3.480886695294742594e+01
-6.890305102854412667e+01
-1.081615936437896153e+01
-8.552922811567273698e+01
-4.431997142290218505e+01
-3.019515004565004546e+01
5.050532009637272779e+01
-5.870839845160844561e+01
-3.151233132797384684e+01
-3.282394477417065559e+01
-4.258308299794379792e+01
-8.392567071932887757e+00
6.303613762825693811e+01
-3.471131224248329517e+01
5.807888178442496496e+01
-5.676530934858348587e+00
-4.261669234848481835e+01
2.786437987391888527e+01
-4.270983530504746994e+00
2.808902819753947000e+01
-2.113294580797008138e+01
1.297295981495096839e-01
-1.600173138894924918e+01
-3.588910187047211053e+01
-3.507504249025231502e+01
3.059893213188501093e+01
-7.755879211983152999e+00
-8.446567065033381283e+00
-4.106675752664949641e+01
7.221442939028047903e+00
-7.128020646946819028e+00
3.565878576315604676e+01
6.083720425067796356e+01
5.434009844316352655e+01
-2.338324119073442375e+01
1.955766410490319629e+01
-1.928920773145505407e+01
4.138720946733418060e+01
6.215461895229533695e+01
-2.227356535306009278e+01
-5.989097547147176570e+00
6.102275524838478304e+01
5.005781558605126946e+01
-5.333031200226756141e+01
5.806670788402543337e+01
-7.619298518436412593e+00
2.945388357577840921e+01
1.693786846070921115e+01
1.248652976226379252e+01
-2.373015305297361266e+01
-6.393926869353805387e-02
7.747808948852686228e+00
-3.865488942808050865e+01
1.614617683208401289e+01
3.647767183723757967e+01
-3.105702144268102671e+01
7.517275398044635892e+01
7.266621078851235893e+01
-4.206811477026584356e+01
5.299102881254506769e+01
-5.528217536512542551e+01
3.602491064691751887e+01
5.114985852783647857e+01
-4.911899442058730969e+00
1.429479987959383536e+01
5.696223836073048119e+01
5.973725097105874227e+01
1.317067082605742030e+02
1.245303412608700455e+01
1.126071476945237464e+02
1.312090217532263807e+02
1.159575218262361886e+02
1.284607799252810310e+02
7.119999061515053995e+01
5.636438892273405799e+01
7.720173534062797671e+01
1.445976673847263498e+02
1.275558038618873979e+02
1.143081183468154762e+02
1.251574735564661438e+02
1.814646965566773531e+02
1.655164542718504208e+02
1.455389228339570025e+02
1.012303247313564327e+02
1.402159585315027925e+02
1.305760343357962370e+02
6.863874794136687285e+01
9.565607847099010996e+01
8.602804458628403950e+01
2.691902261943734231e+01
7.242759153049692600e+01
1.746226175599611565e+02
7.803797424987740783e+01
8.312453853493981626e+01
1.096325272621467377e+02
1.095807874278141583e+02
1.742248823294726776e+02
1.020920168409943756e+02
7.274786740595803280e+01
1.499686619995400747e+02
3.944429504613503923e+01
5.110474449019647381e+01
1.235418508283837440e+02
1.028201862896233081e+02
9.471819528368359897e+01
6.196377323918167690e+01
4.532134385840988955e+01
5.088098039227418212e+01
2.016848287753845739e+02
1.294687824549492348e+02
1.020662593107164327e+02
1.182221597271254723e+02
9.682860043457729660e+01
6.722043722222448991e+01
1.135937921252195792e+02
4.090520552007348698e+01
1.450943452427356704e+02
2.277364066250602548e+01
6.215288285087257947e+01
1.460783694152528369e+02
6.664675913566594545e+01
6.362222027625386289e+01
4.538669912874918566e+01
-1.041688184504143067e+01
8.835661685271089993e+01
1.499037767336774323e+02
1.815606615759310216e+02
6.708160088927672859e+01
9.758358678624655624e+01
1.007551250751749876e+02
1.324401950545685622e+02
2.261248995401918194e+01
1.565707209222929350e+02
4.842483276884657073e+01
1.556329459183538688e+02
9.437565859228757859e+01
1.086541647394457897e+02
1.413682643746455767e+02
1.500515963312542169e+02
1.685903578231911411e+02
1.613797502108050423e+02
5.829283817516316191e+01
1.608231261039825597e+02
1.635768518769914124e+02
1.260718910136857858e+02
7.464920435549447575e+01
1.620226172819284329e+02
1.189846921169748271e+02
1.254021564133366269e+02
1.956129346442492078e+01
8.205907874825547310e+01
1.107671005292672390e+02
6.207316344047896450e+01
1.303522894591001204e+02
1.290269367918282057e+02
2.158232443076391860e+01
1.240264725426817023e+02
8.092165682993852727e+01
9.252559857728044790e+01
1.012515000066892981e+02
5.071757148999881792e+01
1.023826300230231112e+02
1.023471518028811573e+02
1.006191560267881755e+02
1.076695977610297632e+02
1.235417259204152032e+02
1.029469167552979059e+02
8.553313116222544465e+01
1.173216369852550827e+02
8.765192078874623860e+01
1.594597101266856498e+02
8.703961842721599851e+01
8.799491838743131211e+01
1.138252283300346477e+02
1.341006105794356529e+02
4.245121785490252364e+01
1.032660619695442250e+02
1.339515629342446346e+02
1.926361593446887923e+02
2.060198151308449042e+02
1.089252194156906342e+02
1.394362853527850916e+02
1.039542760981130272e+02
2.014011524947576959e+00
1.729097498175344469e+02
1.369614656194899851e+02
1.054043211028814966e+02
3.928312643148765915e+01
9.380337656098501498e+01
1.139226854159598759e+02
6.240570650996624380e+01
8.173477412672910702e+01
5.472279671082531394e+01
7.089133754634288209e+01
1.371824969359511215e+02
7.659545496259597996e+01
1.383688995497020642e+02
1.093881247031535793e+02
1.296208969043347849e+02
8.759925301767246708e+01
1.732555047372928243e+02
1.365453006930337096e+02
1.262333864286953826e+02
1.285994649586369007e+02
1.381220464898215994e+02
3.747794093318713493e+01
7.249430566795777509e+01
1.537573415118195612e+02
5.313623397837920237e+01
4.972179660619902819e+01
1.505258292878162649e+02
1.211352238494664704e+02
3.410468904753157915e+01
1.344457149044501705e+02
1.298672668380494315e+02
7.301522598789226492e+01
1.062435510378564487e+02
9.800560471080601133e+01
1.508060177595675100e+02
9.462678535980343497e+01
8.282202460854145443e+01
9.811278093317028492e+01
1.144397862313011274e+02
1.475527350526762689e+02
1.725244735807041252e+02
5.395768490083218438e+01
1.458365782863281481e+02
1.416859381980140995e+02
8.279290314652004668e+01
6.173457476691921642e+01
8.178824254715947006e+01
1.154732052838248535e+02
1.223489119820559949e+02
1.214262994698923990e+02
1.012029723820951261e+02
5.259127971756594633e+01
4.693015346583192837e+01
2.333473213218208286e+01
1.071716751105223722e+02
4.333314854833427887e+01
6.956614313562884888e+01
8.944488174526215118e+01
8.493880339964120196e+01
4.408923525902110896e+01
1.630634239137698955e+02
5.240587453856623057e+01
7.136759020632146644e+01
1.099230721269484121e+02
1.363177609046912551e+02
1.201253485070407265e+02
1.233866674556874585e+02
1.226028553650651389e+02
1.096778866423769898e+02
2.090254249063621330e+02
4.487123789126687967e+01
1.322838517872883699e+02
1.346372388279648078e+02
1.018770373870262773e+02
2.037694801902816835e+02
1.329009072247642393e+02
1.523919535023888727e+02
6.246962125319035408e+01
8.521511602928381990e+01
8.773831604858713717e+01
1.315606955670966727e+02
1.156653468097821218e+02
1.227372995361532872e+02
1.845391511684569537e+02
9.060697996132149967e+01
1.523805233731670796e+02
1.732033606826992695e+02
1.079902953753015709e+02
9.946022095077493930e+01
6.786758101157391820e+01
7.308983341474265671e+01
9.930671706695115120e+01
9.171511556676658472e+01
1.194823693892658838e+02
4.824439999299130477e+00
8.180900761433383650e+01
9.522797176481900294e+01
1.300993457328413001e+02
1.015847229384134778e+02
9.585711837746464425e+01
1.167504938793225904e+02
8.259904561747342200e+01
1.046944216632356728e+02
1.567300826113312837e+02
1.231711365687732354e+02
-2.065655685257536334e+01
9.855016839215785751e+01
9.746636188423153158e+01
1.192121219619252486e+02
5.520033905716502431e+00
7.977304097281503914e+01
1.202546657664696284e+02
9.433036374198933061e+01
1.379629788755659092e+02
5.505526681051598814e+01
1.198308569684110410e+02
3.449930153463547811e+01
9.228729919356622702e+01
9.546004450100886629e+01
1.335017748267583499e+02
1.197573455829753044e+02
3.725565416447405909e+01
5.287274678192564181e+01
9.052777752130042188e+01
7.631691326329209346e+01
1.044460198192604139e+01
5.709773438617844477e+01
7.120011525348306236e+01
9.954304502553220857e+01
1.539707485139489336e+02
1.330916688548973355e+02
1.190336025478513022e+02
1.566428231036507555e+02
1.184516643238206797e+02
9.442682129670073721e+01
1.628155683003055287e+01
3.511947699401378031e+01
1.049625500464418195e+02
1.207079026239034363e+02
7.609939828355567215e+01
4.017565835355275539e+01
9.756751339333877127e+01
6.589382076702037239e+01
1.564471530090814326e+02
6.557581141171078798e+01
1.539737665637375983e+02
1.169485379520980075e+02
1.270793850563893557e+01
1.509859373215258529e+02
7.557489464277138325e+01
6.557439170974373610e+01
1.148351572760508361e+02
5.861614717418351717e+01
1.897954943586597665e+02
5.844152858817835750e+01
4.371773857094580507e+01
1.282643886929438111e+02
1.339844657769321543e+02
3.147497845229348457e+01
1.080671023131180704e+02
7.009598782842732589e+01
6.166035263352650730e+01
1.292642548399379336e+02
1.216678914338166777e+02
4.216020806062816462e+01
1.244473384762625727e+02
1.185802235085794081e+02
1.093645258957089510e+02
1.803837642686775098e+02
1.622898829457898273e+02
1.080994590818227721e+02
1.182550784280949614e+02
1.236992845281321678e+02
8.090637620240548245e+01
9.888738708038384573e+01
1.475243974114222851e+02
3.969915629627911358e+01
6.591283672807132632e+01
6.178212396518848948e+01
9.612024749253983202e+01
1.438535496184923090e+02
1.705448215318294842e+02
9.251234135019096527e+01
1.629065423547299929e+02
1.750184028370443059e+02
7.562026894448146663e+01
1.496315349078818429e+02
1.500914042290463328e+02
6.796925800203766244e+00
5.332680426447667088e+01
7.296551481926869087e+01
1.243701888660018398e+02
-3.115063294294230900e+00
1.504777716610319658e+02
1.285020945272569861e+02
1.351078647251254949e+02
1.173383398295935649e+02
1.617437432087295406e+02
-1.227519913819999431e+01
1.315653092428605930e+02
8.496582893731135755e+01
1.372600422813396221e+02
1.255978108910889546e+02
1.052178139438902633e+02
1.744270348175709842e+02
7.662257438495525719e+01
4.241469358102227716e+01
1.674144129033936679e+01
1.213586735271726695e+02
1.206399797953314703e+02
1.414286703509117160e+02
7.942227749093700595e+01
8.029771225226504328e+01
1.353101995674355180e+02
6.870154999067918311e+01
8.511546205928480902e+01
1.540199306771177419e+02
8.213442861364347891e+01
4.061247443789229550e+01
5.483370212332103932e+01
1.025369490664827623e+02
1.777891877552237361e+02
1.397169805704691328e+02
1.085836986623712761e+02
5.668167674250744881e+01
1.032234344808930047e+02
1.401156852407109739e+02
1.179357458340283387e+02
1.108896609262367576e+02
9.033607981244468021e+01
5.950859702273965013e+01
1.998552153475650357e+02
3.511182347577029361e+01
1.247075946243600271e+02
1.786132230298307206e+02
1.274783278316935764e+02
8.651053872295085512e+01
1.363742845499757550e+02
8.968819659566487701e+01
1.188359166189737834e+02
1.390759054864263362e+02
7.146601993365426608e+01
1.318959405474815867e+02
1.372340565874992251e+02
1.698807476219241153e+01
1.960142872068634006e+02
1.277830631375839232e+02
1.756392748987152572e+02
7.268126012208186637e+01
7.361607059111736362e+01
1.268026731574093446e+02
1.020269587056199612e+02
1.214159821137184423e+02
1.188814715297905877e+01
1.156563321718394803e+02
-3.474796769566142984e+01
1.504439906113265693e+02
2.133441588715718069e+02
1.478310400353114176e+02
8.302264813432184098e+01
6.019218576269423693e+01
6.834787076909536552e+01
9.018350192595634951e+01
9.013794044766719082e+01
7.580171239133235872e+01
1.324933180914528918e+02
-5.322258496142055151e+00
4.894686277261776297e+01
1.384590166692572382e+02
8.169825380011420179e+01
-3.534736119736081150e+01
8.423283976806034445e+01
1.416913509563120783e+02
1.986703168256649121e+02
4.592671821038409519e+01
2.177963811696271819e+02
1.599822396993961604e+01
7.392193102259165016e+01
1.151482140798613614e+02
4.424298520946386049e+01
6.868191174565296819e+00
7.650027157557560997e+01
8.459894278407517731e+01
9.075872556152351933e+01
6.873077897665703517e+01
1.698572447032199193e+02
8.101460157868777401e+01
1.076560248267410032e+02
6.435608361395097177e+00
1.609257805446410146e+02
1.504881240425013971e+02
1.067971211737136059e+02
3.078148284838265170e+01
1.449857453637060303e+02
1.182671358435782736e+02
3.292419568292517340e+01
6.022625460803212860e+01
6.271977748995530533e+01
6.717844050486472440e+01
4.940392599147428143e+01
1.239729472137732813e+02
1.305306460961831476e+02
2.972057625995682884e+01
2.580187645276724595e+01
8.756401338938505319e+01
1.074838626099793402e+02
1.487683777018448836e+02
7.139887318548271367e+01
7.643611810747090374e+01
8.987407170358756048e+01
9.840978588704476238e+01
1.020744822817266453e+02
7.298076758412236131e+01
9.129571139904420818e+01
1.448547904917983544e+02
1.255875053513502451e+02
1.157496336857875008e+02
7.330181718359868626e+01
1.275152514298338389e+02
1.321408085660738152e+02
6.694771040299630727e+01
1.289232191387113460e+02
7.532450948872340746e+01
1.577087832042255968e+02
1.147639666752441059e+02
4.190736140301041246e+01
1.029373647304591657e+02
5.810224881228447913e+01
1.568212875972357665e+02
1.521214366370693938e+02
7.598919260927509356e+01
4.750488491214053255e+01
1.243580072873493663e+02
1.276273721744483254e+02
8.231600853086240477e+01
-2.821492581399809296e+00
1.207856528432732119e+02
8.476581941962783162e+01
1.285507730267603392e+02
1.910420825698018916e+02
1.130182904305938791e+02
7.003359039818913345e+01
-1.443150899747678295e-01
9.998786348252193079e+01
9.101794565642407520e+01
1.006761065330722147e+02
1.343399503033831479e+02
2.392902371325583317e+02
1.152847397823974944e+02
8.733895274012301968e+01
4.568558779209472931e+01
1.190928852889344256e+02
3.706698323766411818e+01
8.180364574875406447e+01
9.090293900897384560e+01
1.018693068035479570e+02
1.001757458751544618e+02
1.155774313831980749e+02
1.227310843798287010e+02
2.423355003281714914e+01
5.054070063969870574e+01
5.466708307340029904e+01
1.067514139319933975e+02
5.592586135042205342e+01
1.051412334734123846e+02
1.210105282386203669e+02
1.294522093167749972e+02
1.046334412192384349e+02
1.299526767692613305e+02
7.464897433768267376e+01
1.050622659447650733e+02
8.506558180702563732e+01
6.983538476608866574e+01
7.765130480079741915e+01
1.032349771148234225e+02
1.579061995208057851e+02
1.624138120639478586e+02
1.071465618834563713e+02
1.251759990531655120e+02
8.570252865613767312e+01
1.206845319801443566e+02
1.233667764043081405e+02
1.680077930389062999e+02
1.208598559217662967e+02
1.720858389205334049e+01
1.906802592480590306e+02
1.321590874473235431e+02
4.658026123609761981e+01
1.652674637979259842e+02
6.814526286969623925e+01
-2.690354462000522062e+01
6.785950016880681801e+01
1.295415988380381407e+02
3.263422730010024964e+01
8.529383932857700756e+01
5.431446778050526092e+01
1.322917343629462721e+02
1.239215172681900157e+02
1.287135651862448071e+02
1.676161300883657645e+02
8.782907265519628481e+01
8.163452724711193298e+01
1.665507546943606201e+02
1.615448509702384001e+02
1.400497999155770401e+02
8.989935013076052428e+01
5.330581705340190979e+01
7.984484483033814683e+01
1.562893936660557017e+02
7.752690277891633741e+01
1.230354137433357238e+02
1.580018571554209359e+02
1.456668532003085943e+02
1.435280775905157498e+02
1.354511234986479167e+02
6.195169454483469451e+01
3.874479155424409527e+01
9.327853347260894168e+01
9.928297502249397155e+01
1.541798939926092942e+02
8.945097663463914728e+01
2.647272313901142127e+01
8.686383653221420786e+01
5.779471407444430753e+01
5.662417413427503732e+01
1.150745899993020487e+02
9.115766839031786617e+01
2.190329307750589578e+02
2.425942202535510717e+01
5.124419952991096494e+01
1.218201729190761000e+02
9.270083498341743677e+01
1.345300986641240115e+02
1.178861843387105637e+02
9.188346343387031823e+01
6.278014574357164435e+01
7.853955783887033704e+01
1.558689693089280865e+02
6.586162838621778803e+01
-1.154348293702098260e+01
9.979938744396055483e+01
2.032898444200785093e+01
1.174772722705486672e+01
2.106135700319301236e+02
5.268781890889525954e+01
1.551198702732802417e+02
9.840300826864479689e+01
4.171535916332820193e+01
4.472666932595160461e+00
6.616954467620803371e+01
9.673223836639920137e+01
1.906973483617341003e+02
5.091123783647189072e+01
1.227880294505552286e+02
6.822129244039399509e+01
1.154841456467636363e+02
3.399478589697827147e+01
7.405977226308280592e+01
3.594744439126682778e+01
8.840414928734361411e+01
7.929787903793786086e+01
8.890600100895291291e+01
1.077324037539463575e+02
8.502121997796224662e+01
2.167109792640293904e+02
1.110885038549214414e+02
1.300208533788639329e+02
1.441391135338461424e+02
7.373726758492246347e+01
1.176705124464478871e+02
1.933711504768086229e+02
8.598939538202337474e+01
5.813499536175470439e+01
6.009952706552058999e+01
1.772680151050944346e+02
1.265248321424206779e+02
1.512602251625881422e+02
6.724553178391263941e+01
1.026859171183864987e+02
2.220331753583228362e+01
1.216215624624663292e+02
9.978092642886124963e+01
1.759025467972216461e+02
1.096077799738439467e+02
7.995260167630205217e+01
1.336380151688736362e+01
9.754577814598073360e+01
8.217505874152773515e+01
8.047492468729221571e+01
1.056569447254487102e+02
3.825515608856098027e+01
9.270047370075326398e+01
1.264569801256629802e+02
2.508696661440326636e+01
7.825933413042511688e+01
3.627578786391802623e+01
8.427160308325706239e+01
1.182597862335749426e+02
9.777895919247146139e+01
1.153293859455284860e+02
9.053390436751733716e+01
1.334271249554610961e+02
8.240252029704275571e+01
1.916552656773467902e+02
1.602647020571955068e+02
4.977313512377465798e+01
1.362182671854764351e+02
-1.246747103528760192e+01
1.532268719579021479e+02
7.379346224426691947e+01
9.966085758527191274e+01
1.270348963868772785e+02
6.804642589752548076e+01
1.373202898228996105e+02
1.019677188362222040e+02
8.290694507554380266e+01
2.483779155323514942e+01
1.085595652934409543e+02
3.231701967493469851e+01
3.571063687917536811e+01
8.300666070088684023e+01
1.285256787341269273e+02
7.541975848115653491e+01
5.920651937515259533e+01
4.789129192418914016e+01
6.760985847625480005e+01
9.615189416739276851e+01
1.253364843572615257e+02
8.844114610075689598e+01
9.655907241980808919e+01
2.259823924144164664e+01
1.749669885142306498e+02
7.766450220539309157e+01
9.744365730603594500e+01
1.275862032118049427e+02
7.760447510107549363e+01
6.465108917175469117e+01
6.053794257567090398e+01
4.776663731767062160e+01
6.327040275672798231e+01
1.337296771990384627e+02
5.412719707575872263e+01
1.006500196717399405e+02
7.689902731969007732e+01
6.096944140220373498e+01
1.600356592851818789e+02
9.598745934237935273e+01
1.117877919973240353e+02
1.087713791305919528e+02
1.176051803801589699e+02
2.088577733720504739e+02
1.005700868195303030e+02
-1.211772088535431635e+01
3.788494621329932244e+01
5.752431351551096128e+01
5.398756073659014021e+01
1.535118334629446224e+02
3.774584287840032459e+01
-4.259360775362893037e+00
1.114701678970157417e+02
4.824373738677240908e+01
3.769700905920131362e+01
1.605625383821040941e+02
5.210795414901513567e+01
5.006933163326444713e+01
2.150955039584908377e+02
9.063620219150614332e+01
1.319712969354314964e+02
7.929692443171957450e+01
1.430282453648518981e+02
7.914870399659395162e+01
1.110547817804383470e+02
1.525570713132123615e+02
3.455735770890707670e+01
1.610442545572578865e+02
1.871551855021235724e+02
2.347315211588075101e+01
2.045468556733530363e+01
8.270050941248567256e+01
1.430733160023078767e+02
9.094942705327247268e+01
6.664765186815039044e+01
1.557935853113676217e+02
2.228570841550400417e+01
1.066519551037302875e+02
5.821883599883746996e+01
1.652047544557036076e+02
3.500505620653149208e+01
9.142370920926609301e+01
1.163956059926765647e+02
2.118618930367146902e+01
1.561019916302045090e+02
3.806871053349509992e+01
6.264034385354841561e+01
4.001050801860657202e+01
3.927849843743482694e+01
1.654327398772485083e+02
8.770146329029915933e+01
1.597094384928200839e+02
5.871842286436430669e+01
1.362814420818384065e+02
1.337549855015809896e+02
1.230873538003350660e+02
1.804394112401746781e+02
1.697635394415883638e+02
3.458461464837287735e+01
5.649734017947007914e+01
1.381396079715348435e+02
1.479177930160462040e+01
8.358659619234994409e+01
8.184287750928268679e+01
1.379376549067167161e+02
1.342344624569624045e+02
1.793634284658719480e+02
9.123928165537526525e+01
1.650838905564265247e+02
6.167349887421013221e+01
1.071378174221242858e+02
1.199168396607608429e+02
1.058307242713474210e+02
2.011864899340275770e+01
2.151232348118986124e+02
1.344918142586608667e+02
1.693581101236633799e+02
1.408019371170462080e+02
2.676212423987092848e+01
2.998723647789709901e+01
4.339291468339453672e+01
1.462062042068617984e+02
3.906770168671168619e+01
1.540839086781901699e+02
1.935629502483679119e+02
1.706141343007833768e+02
7.446009966345151554e+01
4.409365194022605294e+01
2.603205761221992134e+02
4.496308217638248550e+01
1.076023942749132516e+02
1.134263788791792109e+02
7.411645975567006417e+01
9.764902903127048717e+01
1.558695490680586886e+02
6.796550630401767989e+01
1.041533335880217095e+02
1.106970772437274491e+02
1.387452689183726307e+01
5.469108861504527397e+01
1.070716379692001539e+02
4.780942826305349058e+00
9.820558631166157681e+01
9.934190722817615438e+01
5.006546991542201397e+01
1.312854309012589624e+02
1.124817994765120659e+02
1.513233706418726001e+02
1.147063711859584743e+02
1.163940780091046889e+02
5.025688954199523550e+01
8.812463579968877525e+01
8.929637194348271123e+01
3.278174007344792074e+01
6.740904610619853088e+01
9.147968118110736668e+01
9.517180723102869422e+01
2.124101971176621646e+02
1.002978193105359139e+02
8.860272471404771011e+01
5.754419448600832965e+01
1.743384751678433986e+02
1.197607826279796797e+02
7.926152617359619512e+01
4.905822236051361784e+01
5.696735435630695576e+01
9.542667579031967762e+01
1.320005553372629947e+02
8.557428171601019073e+01
3.699597313087674877e+01
9.516508815658652054e+01
6.209781764010797644e+01
1.272273009500780461e+02
1.685265541957865594e+02
1.735993026679953459e+02
9.710318895412871143e+01
7.766198783122854366e+01
7.237022296821430700e+01
9.324830328502511634e+01
6.184358200524223292e+01
1.035527735174060808e+02
1.020067172113832044e+02
1.138263814978815276e+02
4.628066191791092621e+01
4.915480028688156011e+01
1.724466306466255219e+02
7.890545123464150379e+01
5.782434918188347694e+01
1.070524082564265882e+02
5.109306723766590608e+01
4.626222491971707740e+01
1.038507080640449942e+02
8.949286335896960054e+01
1.469736584456616413e+02
1.843477999102156275e+02
8.749247592355136760e+01
8.324632247602301049e+01
1.350621905338035447e+02
4.242230067412072003e+01
3.426944905665561691e+01
1.058210740863829500e+02
1.470064164904852078e+02
8.396297453691441603e+01
1.580943696616374723e+02
7.646444261815096866e+01
1.423637434191787747e+02
1.407039269685944873e+02
1.055494519588890796e+02
3.547671221854815826e+01
1.366841652633364674e+02
1.619956799548316440e+02
9.924178839588697087e+01
1.399475445488766354e+02
7.175675621321626352e+01
1.242596440178561323e+02
1.659622667033748940e+02
2.169336476711115154e+02
5.226478541238117259e+01
2.316305929163373492e+02
1.180770767966276367e+02
1.248895265103722636e+02
9.207030302486523965e+01
8.138231330983343526e+01
1.469708094744758000e+02
9.007837084534898509e+01
1.268176870618736416e+02
2.605246432648380051e+02
1.640238960391509124e+02
7.962868632437371730e+01
6.390217044367302890e+01
6.904551142990717949e+01
1.043739986366795591e+02
1.131452384432391511e+01
7.000495342982932812e+01
1.255526973636501964e+02
1.289714886925966653e+02
1.359866810139572237e+02
4.043440371211681850e+01
1.578790972645178670e+02
7.613613161872105195e+01
4.089753342794632118e+01
8.598455609935943755e+01
7.995559795302659722e+01
2.071887183656895672e+02
9.632867889333023470e+01
1.236933891758813786e+02
1.271927296745840863e+01
1.180974609719303317e+02
1.571630324715417260e+02
9.323867074499945318e+01
8.142614154429601570e+01
1.147644893909200050e+02
1.051585439040468515e+02
1.063755934469083257e+02
1.259594085710807150e+02
4.698668442025344660e+01
2.375476630813652434e+01
1.066809299148524843e+02
1.945462200804569761e+02
6.281296974245513098e+01
1.523494752772666061e+01
1.070781490794688295e+01
1.040403701531046181e+02
7.280131684816423387e+01
1.334997987830994362e+02
1.357158166892091629e+02
1.990075623396089384e+02
9.134551385843799665e+01
1.005188069530059920e+02
1.585508899900110293e+02
1.280185450040355875e+02
1.337639359570590045e+02
9.785884701913403205e-01
1.080508382563145915e+02
9.184194104120604152e+01
1.458725885722691658e+02
1.516286935449694226e+02
1.156271668585418837e+02
1.167545633767637128e+02
1.204973364728932665e+02
9.878987332750223516e+01
1.810186337969751094e+02
1.331903138769383759e+02
1.235285131817931017e+02
1.504936169820915666e+02
7.699050939014682626e+01
1.612995982394786552e+02
1.045381269643973354e+02
1.301063940204190885e+02
1.494050687297026911e+02
1.656014158349867671e+02
1.709411233128223557e+02
1.516795920007944858e+02
1.603050255655783474e+02
1.665968297764984243e+02
1.391313876305852943e+02
8.124925748710356288e+01
6.864861077942622103e+01
1.683001423291970582e+02
2.867374521709102453e+01
1.120664457465970116e+02
3.977233992256611117e+01
1.409365509260271097e+02
1.642333830317317904e+02
1.343908680771922377e+02
6.812489895816527508e+01
1.624165057533863887e+02
-1.673615348492900523e+01
1.095816010647846781e+02
1.513389663933668885e+02
1.647900819014619458e+02
1.401930643711157245e+02
1.061963256729177942e+02
6.593297952129059070e+01
5.155578664295565972e+01
6.272139538136893577e+01
9.026538391685065221e+00
1.288325022602520846e+02
9.765561520803379381e+01
7.940619718321008236e+01
9.583968877380424090e+01
8.381025781893508508e+01
1.072025750898089456e+02
1.353607527356414550e+02
6.438723792417040670e+01
1.557069450676189035e+02
1.441104000280750483e+02
8.314381098712769358e+01
8.619905504695294951e+01
3.169116130428128031e+01
8.158237136268112977e+01
1.590643269719473381e+02
1.114606515103811262e+02
4.418618691070735593e+01
1.309891437107386594e+02
1.046927329259667232e+02
9.258101190172754968e+01
1.297971985292898296e+02
7.858604785690232575e+01
8.310443724796984100e+01
1.919132997699228440e+02
1.047026199532913040e+02
6.023592735556754008e+01
1.223816727911153066e+02
6.946655525988445845e+01
1.332624743384179737e+02
1.357479251345672822e+02
-8.827831880561404887e+00
1.766522997742046641e+02
1.279964966460575226e+01
7.377816852706190787e+01
2.056050946411338032e+01
1.551791547503522111e+02
2.038127209590315942e+02
1.417725069594591787e+02
1.554070153043499545e+02
1.022759949244289714e+02
1.358779555370616663e+02
1.598878145233669841e+02
1.777310199926556322e+02
7.583386525824063540e+01
6.395993007404379682e+01
8.069479240617846472e+01
1.310313512298912997e+02
1.268869491951502937e+02
1.105608409890969170e+02
3.280751401280775781e+01
1.048385815443830325e+02
9.429154456143145069e+01
5.955782727029094303e+01
3.165036599194898770e+01
1.059651905546191415e+02
4.558468879365411652e+01
3.424302671393121500e+01
1.110207679783053862e+02
2.030531163851881900e+02
2.089525987570279710e+02
2.100182208257925822e+02
2.485193663721567532e+02
1.988297299077610489e+02
2.072688042208643253e+02
1.754501262665881143e+02
2.032504812638972282e+02
1.936184586856082319e+02
1.882396528287734441e+02
1.940235612543113746e+02
2.295086195598169923e+02
2.171692874903714596e+02
2.036592658643153868e+02
2.209272906456728265e+02
2.264035205437954232e+02
1.721842589003778130e+02
1.747617523902584935e+02
1.529362700550142335e+02
1.666315790927299361e+02
2.059528077067431298e+02
1.914747754698195479e+02
2.254043450154796915e+02
2.392230949280032064e+02
1.656096948419646253e+02
1.976615924836799252e+02
1.788762547665153306e+02
2.396827389473730534e+02
2.026243308829607486e+02
1.605879853465593783e+02
1.937110233391501311e+02
2.004725591104298417e+02
1.953889152614358125e+02
1.580815277311441776e+02
1.927479648002458532e+02
1.890349920826455445e+02
1.938330915832549124e+02
2.022695813347287697e+02
2.144283310529178834e+02
1.643751187356249659e+02
2.649280890004849880e+02
2.104046839877361776e+02
1.792613151982026523e+02
2.109711922416776702e+02
2.042132285879841618e+02
1.734596084431920815e+02
1.895421836052821618e+02
2.260367828355769575e+02
1.416306539332234706e+02
1.856907337428554854e+02
2.021625283715827095e+02
2.018222640585433112e+02
2.002711254041748816e+02
2.004974352895816310e+02
2.254624950379391635e+02
1.844992682720158825e+02
2.277637525501865525e+02
1.745466925906013387e+02
1.645054376864158598e+02
2.057833885034196726e+02
1.870976635611447421e+02
1.814716078925951592e+02
1.984820967467954347e+02
2.294534827446035763e+02
2.011997851891559890e+02
2.073684738860237076e+02
2.049271652144125540e+02
1.503496429014350042e+02
2.002787500842290740e+02
2.693071863630861458e+02
1.688987144582536928e+02
1.988308749392675168e+02
1.891400496277139496e+02
2.252010877692077315e+02
1.508020575474647558e+02
1.980066782275861215e+02
2.130404282687027262e+02
2.314960943477910007e+02
1.845872789758394106e+02
2.008040402121960710e+02
2.168041247816235000e+02
2.109111503977757991e+02
1.739283593570158359e+02
2.099336682062891839e+02
2.254648846542931437e+02
2.343652488915048195e+02
2.194920699226386205e+02
1.990683890894968044e+02
1.732915060177018631e+02
2.419788892943138876e+02
1.201493971725545151e+02
2.355018377023158394e+02
1.918983453818860596e+02
1.545946768024610947e+02
2.543265657665115782e+02
1.762678438789188249e+02
2.238219357960919353e+02
1.869972400734445728e+02
1.878645022791006340e+02
2.124678788647352121e+02
1.817034209896242487e+02
1.847549133594548323e+02
2.218380989381733173e+02
1.349639821183793629e+02
2.065114634744416264e+02
1.798456104618189215e+02
2.070720543474740509e+02
1.732430236383894453e+02
2.050869741782775009e+02
2.041650440769570025e+02
1.757975240298524113e+02
2.388642752989683515e+02
2.246390912580042425e+02
1.760922733855725539e+02
2.147827185769472749e+02
1.885843151751348614e+02
1.641797921249732610e+02
2.336963825751832076e+02
2.161509393489542674e+02
2.746223008908298766e+02
2.237732013894018905e+02
2.126101230146978480e+02
1.936460533942611448e+02
2.178640093075326263e+02
1.795114216125927555e+02
2.173359998127655217e+02
1.583914988156851962e+02
1.957699154432197588e+02
1.785474977372991816e+02
1.818579192064972290e+02
2.070241153849302407e+02
1.878013624282130536e+02
1.943772199945756540e+02
2.136569429497893111e+02
1.688276279103715183e+02
1.717100893897252547e+02
1.863224897624827179e+02
2.517909855900317098e+02
2.047684036589465677e+02
2.093955047363758126e+02
1.886704283710442382e+02
2.033208844814653560e+02
1.878831336885216388e+02
2.550378983746099664e+02
2.208911385054296375e+02
2.135713253399802625e+02
1.691655724474126998e+02
2.017234192379508499e+02
1.238543256798907208e+02
1.811913812224890989e+02
2.143741093675280354e+02
1.928764303756494201e+02
2.087110830798106065e+02
2.144264538129944810e+02
2.058987074885795039e+02
1.909052527592041599e+02
1.893693866093601912e+02
1.822315098553706036e+02
2.552575276764298167e+02
2.024730311782399781e+02
1.521286941533959407e+02
2.055592901909910211e+02
1.952960149366333269e+02
2.274180113918115751e+02
2.275917473758944709e+02
1.905816365850338059e+02
2.120653461088353708e+02
1.945477830834642248e+02
2.021983366241499027e+02
1.639425525415802554e+02
2.196019351330890856e+02
1.918783410486041987e+02
2.107429694316121811e+02
1.742459986555012392e+02
2.055224387580066434e+02
1.911228614683487308e+02
2.050936646522663693e+02
2.086000089775885442e+02
2.209815465746770542e+02
1.729565124308614941e+02
2.203201209030532084e+02
2.320361815203333720e+02
1.590221778187630264e+02
2.365043738496378865e+02
1.874835977660187609e+02
1.471224202475304139e+02
2.220960712847386276e+02
2.110492690912664386e+02
1.566017669978228355e+02
2.166976213886801759e+02
2.000565842373833334e+02
2.394326953396450790e+02
1.837109210396189667e+02
2.207978083456482352e+02
1.946843514404969540e+02
1.964866026536093386e+02
1.758621563330288780e+02
1.869865353627697573e+02
2.711978268759455659e+02
1.598234255157884434e+02
2.085687277784596461e+02
2.462756624997001325e+02
1.974579164219557867e+02
1.945233534981991568e+02
2.121349119452599439e+02
2.038067636790185588e+02
2.139971762251385314e+02
1.944219987159208358e+02
1.688213769383049225e+02
1.952000502521158580e+02
2.449716595985605068e+02
1.317979278669895677e+02
1.704637227786458027e+02
2.094562079102769303e+02
2.167496876700261623e+02
1.680867611342922601e+02
2.264022583977758245e+02
1.805346757395621751e+02
2.019449780901286431e+02
2.381300754271853748e+02
1.924778161039603503e+02
2.005201643477322477e+02
1.969335445180759336e+02
2.181993720974201096e+02
2.660621980010263314e+02
1.926117046169867990e+02
1.948354743032310239e+02
1.697214121640728308e+02
1.714628019270184325e+02
2.013853893352216460e+02
2.129766414479618675e+02
2.418401101258473886e+02
1.621925945088795800e+02
1.686584563831091259e+02
2.542745489848568354e+02
1.875088080664767745e+02
2.020036790819902137e+02
2.212795447698107125e+02
1.493181710258754435e+02
1.650611151467792865e+02
1.629721404203915540e+02
1.913848226845455258e+02
2.018714014975853388e+02
1.593898625541329181e+02
1.816609003321732132e+02
1.456001933856178994e+02
1.960591422917994180e+02
2.099123413375402265e+02
1.799341382475411137e+02
2.186992726622790144e+02
2.122122232821697310e+02
1.555732653831313428e+02
2.477423730720303752e+02
2.010881027926109255e+02
1.959845946295802719e+02
1.721520092804675528e+02
1.952400468654363976e+02
1.998330033216775519e+02
1.678104895611187430e+02
1.571852477875784757e+02
1.900772269009242450e+02
2.133655370089600751e+02
1.769526810046921241e+02
1.369471966441079758e+02
2.013872721286591059e+02
1.585881175150424269e+02
2.088451438495279149e+02
1.957964398711843046e+02
1.951774150558048007e+02
1.649610667185641262e+02
2.231950776289283453e+02
1.986747219390137502e+02
2.126923291721367946e+02
2.257201584692253959e+02
2.605066243343067640e+02
2.016196147768776541e+02
1.682085695369970040e+02
2.082065309098591399e+02
1.952412311294607150e+02
1.691635614926605626e+02
1.849520509854253874e+02
1.475762331700271943e+02
1.930808318952413742e+02
2.124485028996598430e+02
2.017649875797028187e+02
1.644584433443008891e+02
1.727435040519909251e+02
2.348174608117584796e+02
1.958957572122250781e+02
2.285888282552424755e+02
2.316746273167188690e+02
1.987407151446392959e+02
1.754719025435371691e+02
2.201551933055500854e+02
2.076378734876367105e+02
1.667304327150332597e+02
2.067543415701099434e+02
2.472320075260014960e+02
1.705336807204382978e+02
1.988619505070958553e+02
2.235506140666859380e+02
2.185688720832795582e+02
2.240643743074391523e+02
2.316432762251149029e+02
2.127222547231315559e+02
1.467655408488862747e+02
2.011821142376274452e+02
2.250790897168591869e+02
2.309600509925786014e+02
2.050076344902553842e+02
2.067539037184884023e+02
1.896322888896475547e+02
2.768094381488261888e+02
2.232364685065613230e+02
2.062682586215379104e+02
1.924204718353128101e+02
2.786850402593769900e+02
2.505296300889916097e+02
2.092926987321815204e+02
1.710496593665077398e+02
1.798768760552818833e+02
1.384335581028283571e+02
1.945920087717834690e+02
1.671847498178685782e+02
1.779737409281103737e+02
2.557288031560423178e+02
2.109443898382337466e+02
1.547988010973684254e+02
1.989726711666903896e+02
1.540203694299938775e+02
2.357476992778779845e+02
1.778218248213356105e+02
2.177009257637383257e+02
2.009578561357992044e+02
2.374428339952510214e+02
2.219916238708348430e+02
1.873715456593257329e+02
2.170102590444658404e+02
1.782716042247082555e+02
1.842888804234395366e+02
1.976668780121987368e+02
2.192946133699448410e+02
2.273057156967541630e+02
2.039486348170431427e+02
1.981670545585056686e+02
2.154706222198951480e+02
1.830237842136202744e+02
2.140194159226968509e+02
1.949950251196279964e+02
2.132907839623738084e+02
1.877559495439381578e+02
2.353410584846839981e+02
2.041573590256448369e+02
1.998263885631375274e+02
2.157403712834267537e+02
1.874035159901160057e+02
2.194655882811421463e+02
2.008517016212866793e+02
1.855737270387873252e+02
1.825434922739128751e+02
2.136610107185192646e+02
1.670697908613701941e+02
1.696973816415236058e+02
1.627904933093643649e+02
2.197507860079201976e+02
1.890212761754070812e+02
1.706558420496506017e+02
2.047525114925714718e+02
1.839651806164435754e+02
2.001101753698239918e+02
1.939769913840646041e+02
2.084271162317736525e+02
2.028245009229077596e+02
2.577805459100798089e+02
2.008326695270302480e+02
1.745512727013056917e+02
1.866726681687900964e+02
2.102031667524244938e+02
1.728080453720318133e+02
2.210711575593680038e+02
1.536502222575913663e+02
2.198355023000363531e+02
2.291821613113002059e+02
2.234988702423306677e+02
1.794597903507241199e+02
2.514368476305070601e+02
2.221751620907686799e+02
1.999819578668845566e+02
1.715033203408497116e+02
1.818838389439610239e+02
1.786126111130859329e+02
1.620948129443554535e+02
2.015621528276072922e+02
1.766376297828525139e+02
1.992021199663091409e+02
1.988198778053283036e+02
2.013831233876636588e+02
2.092853561702511911e+02
2.054715036881299284e+02
1.837409553299732750e+02
1.446007999170772962e+02
2.315146735476020012e+02
1.336319245530851845e+02
2.365104703514741686e+02
1.714463533226331151e+02
2.361329881301309115e+02
1.878862520468019852e+02
1.913656497483919452e+02
1.994845886174514931e+02
1.773936656567109083e+02
2.081263421276297265e+02
2.209983605076020581e+02
2.117791397417180406e+02
2.432608258591460526e+02
2.203040619000424272e+02
1.728250599741581084e+02
1.714975750209545140e+02
1.893975538955561433e+02
1.796698019258888621e+02
2.043525388973305894e+02
2.453124250746031976e+02
1.915871478707756239e+02
2.133101213199531117e+02
1.586735422178387864e+02
2.073606220467424350e+02
1.602825148158280513e+02
2.211551204431548285e+02
2.439820697785151253e+02
2.096104377586336227e+02
1.785831423511018556e+02
2.225368998230230488e+02
1.393460070048765260e+02
2.292752860865089986e+02
2.236467122329029564e+02
1.956990138871695422e+02
1.924045421329666681e+02
1.793586507799611809e+02
2.279615287509008397e+02
2.296896019834704816e+02
2.122853454980979961e+02
2.379955063826980961e+02
2.548332773101672331e+02
1.580190490669281473e+02
2.008607383123781460e+02
2.357774613410169877e+02
2.183708468444895061e+02
2.015419056342291242e+02
2.060576649775481428e+02
1.897183217219989615e+02
1.812033670839499564e+02
2.006746968733195899e+02
2.260093994010588574e+02
2.275194929135151654e+02
2.336415061559873152e+02
2.216582011432154502e+02
1.695972059154714202e+02
1.979712078776282738e+02
1.861614033485288360e+02
1.576557706931791358e+02
2.219276433644179463e+02
1.986217970212110515e+02
2.136497363712076378e+02
1.681143803279726114e+02
1.968712248475518152e+02
1.677036325595686037e+02
2.106800114377080320e+02
2.015737689683483040e+02
1.872689998185393563e+02
1.931927627791170607e+02
2.076169645991147661e+02
1.890498952410720221e+02
2.075408087762610592e+02
1.976340384927760283e+02
1.590999334061557136e+02
1.683458791579759009e+02
2.138219549464920703e+02
2.191530256534799150e+02
1.827744913918861585e+02
1.705100786261981511e+02
2.193109283911439604e+02
2.179018989783807854e+02
1.745380399208657423e+02
1.882944163394921304e+02
1.956885870441921895e+02
2.036367833886164078e+02
2.146727677604590383e+02
2.091033754940982305e+02
2.200077162244116380e+02
1.812771736156637132e+02
2.406060146727498932e+02
2.296711030980702333e+02
1.784277278153139719e+02
2.150815588222015435e+02
2.492035017747883785e+02
2.415520994132913302e+02
2.261171594955438309e+02
1.867412712990332011e+02
1.648185154962448564e+02
2.086092481241010717e+02
1.812307072860328958e+02
2.122423758749107208e+02
2.154209519310691121e+02
2.050662072229445982e+02
2.177035625480602334e+02
2.398531464351357556e+02
2.019118740804692607e+02
1.760285388335530001e+02
2.264109672597083716e+02
1.759132642493509877e+02
1.974413139470281635e+02
2.223683659815745841e+02
2.151327199999511492e+02
2.000105587377681786e+02
2.239870209316150351e+02
1.673059205541616166e+02
2.377235195462318984e+02
2.064485873035749819e+02
2.235522556305949138e+02
1.820626524538444642e+02
2.222858520268516145e+02
2.021328268227426292e+02
2.059088904299722742e+02
1.884225055497711878e+02
1.912270554772620130e+02
1.482239041653926392e+02
2.285521769521054978e+02
1.863967749024018872e+02
2.036197743780149096e+02
2.191050417776419579e+02
1.734620282580662547e+02
1.999188219790792687e+02
2.335837245040946186e+02
2.424372904650871590e+02
1.855164177920611905e+02
2.009075771954987317e+02
2.046214450215254033e+02
1.790636314045435711e+02
2.430136357721483762e+02
1.916633124948885722e+02
1.552421307413947886e+02
2.269754998617015076e+02
2.080441077996660795e+02
1.554024737514621393e+02
1.914142352115317181e+02
2.300548674414689572e+02
1.577150657106226674e+02
2.125554686426834792e+02
1.998435100052969631e+02
2.551195293659857839e+02
2.277385685806429763e+02
1.773399880001895212e+02
1.871692092637819371e+02
1.793300146953446017e+02
1.857391568437166995e+02
2.032283156914692199e+02
1.874905274303325768e+02
1.954870974279494078e+02
2.209784450398865090e+02
2.066622694179855557e+02
1.754723848391783179e+02
2.232282452041956162e+02
2.071061710537171052e+02
1.690455377644623809e+02
2.086236588930510152e+02
2.573687088724327623e+02
1.894136488062318051e+02
1.872906211041011773e+02
2.340066209237946282e+02
1.987506838437362262e+02
1.895783939139743097e+02
2.267022692123084084e+02
2.417975963773008061e+02
1.732344453701416285e+02
1.789233045113390119e+02
1.957019935492962475e+02
2.381389975440668536e+02
2.408548084813389494e+02
1.970352711519530828e+02
2.741605962097213478e+02
1.980194997439045892e+02
2.112136212942729401e+02
2.446128967937638663e+02
2.311874216662934032e+02
2.108817063232608291e+02
1.920791406389705571e+02
1.830431381091937055e+02
1.827575409123237193e+02
2.267838812326779134e+02
1.918611396895821315e+02
1.821975852794754758e+02
2.040986307873465364e+02
2.098167215354404505e+02
2.609692977167127879e+02
2.041059664944692429e+02
1.913632013119317605e+02
1.828886392599673059e+02
1.813664679827832629e+02
1.851846843654918189e+02
1.993746473916921786e+02
2.637465871205263284e+02
1.401347259359516499e+02
1.999257567013596315e+02
2.010922884301834870e+02
1.898080143131851969e+02
2.272293871694042480e+02
1.954304735491348026e+02
1.880694094526645017e+02
1.802540906138185619e+02
1.939612680751077392e+02
1.956473633173858957e+02
2.262714424094473600e+02
1.983251031848265598e+02
1.802123220456768991e+02
1.938387227533352757e+02
1.879466955933948498e+02
2.044741732962164633e+02
1.750769462149851279e+02
1.829857707582861224e+02
1.197238785483636718e+02
2.039307908120231332e+02
1.428478031463507421e+02
1.787239554091483740e+02
2.090876531348324079e+02
1.738465556513605748e+02
1.719738129598167404e+02
2.080902241052722559e+02
1.630431146090026004e+02
2.121626975611457624e+02
2.248555364640810978e+02
2.208903787052809378e+02
2.152681208741407204e+02
1.652341873497558709e+02
1.520131286272255977e+02
1.648270780125688475e+02
2.434640439695681948e+02
1.807076339968433558e+02
2.148912772248777969e+02
2.242370369516769415e+02
2.092889805852452696e+02
2.467145372422178866e+02
2.041818705599250166e+02
1.702441466843463331e+02
1.527631151428178384e+02
2.074626243490192223e+02
2.474326137356011373e+02
1.684981739254791080e+02
1.738406854123354321e+02
2.008964315292260494e+02
1.646172376799522397e+02
2.437406613142298397e+02
1.883193486014385769e+02
1.844190377838268944e+02
1.723230220677499176e+02
1.864815438337813021e+02
1.989138983988496818e+02
2.027975936590021604e+02
2.042224806393060703e+02
2.138269050786855416e+02
1.932229077982590866e+02
2.046232778609109175e+02
1.954658265807833573e+02
1.949097202981029113e+02
1.759312904191572784e+02
2.359656502957969337e+02
2.164793745353737222e+02
2.250558174380264234e+02
1.947673537786642157e+02
2.223396069747064132e+02
1.962193691503154866e+02
1.585710531490903747e+02
1.966532377984729294e+02
2.146649132620364071e+02
1.933746680483269529e+02
2.127741314188824333e+02
1.955983625756974789e+02
2.305412457993526232e+02
2.322022119343648114e+02
1.412649084605382086e+02
2.175300237343408014e+02
1.732274899628369269e+02
2.240157831977426781e+02
1.809249024496772336e+02
2.197947761841959959e+02
2.343462833877829326e+02
2.180152115014930416e+02
2.231830894781093377e+02
2.421127013728400641e+02
2.183518129666313712e+02
1.780656388674574373e+02
1.811846042790710669e+02
1.969889425969625449e+02
2.211691296581658150e+02
1.942237884635425189e+02
1.729561666614548585e+02
1.584712849700791537e+02
2.056049656958807645e+02
1.898615354859480249e+02
1.770446270280053227e+02
1.719781638741221457e+02
1.809704776661510550e+02
2.156995232123499022e+02
2.086328096883814567e+02
1.757649160359882501e+02
1.302769988155099554e+02
1.877211890367703404e+02
1.721716548841608869e+02
2.289509645253601775e+02
1.760448026621388067e+02
1.895148667751314235e+02
2.322700956540155062e+02
2.323660438871952181e+02
2.189234381107314107e+02
1.994883068387976550e+02
1.949077345017527421e+02
2.119735724971650086e+02
2.062235295741081416e+02
2.229326911173627934e+02
2.064981990251543209e+02
1.840786373108446128e+02
1.854452739014721487e+02
1.722885657704186428e+02
1.974733306959787171e+02
2.297966892178475291e+02
2.322920509975735115e+02
2.078189761229542967e+02
1.904858217638272322e+02
2.278902272074087705e+02
1.978709063240467856e+02
1.841202955627931033e+02
2.203706085815156541e+02
1.479925461358996017e+02
2.185950816777462364e+02
2.135429759180655367e+02
1.849729579401048341e+02
2.243995384903260515e+02
2.210985074449112631e+02
2.154235477441929447e+02
1.803517012252682719e+02
1.649833301892882957e+02
1.938896522500956223e+02
2.083286929975637065e+02
2.262842827593216555e+02
2.296849667048688843e+02
1.816371360451624639e+02
1.983018737080426206e+02
2.171737300778740405e+02
2.347889240995096998e+02
2.422799498878785300e+02
2.286252268476778795e+02
1.958457408968343998e+02
1.908343871303348180e+02
2.059177165966772804e+02
2.078381573174390837e+02
2.049409593546850772e+02
2.388114524908086480e+02
1.838269813018191599e+02
1.924583074505048330e+02
1.991863742687866363e+02
2.086921011575952036e+02
2.112438475853967361e+02
1.820625032058702004e+02
1.863408056219543596e+02
2.301800257473431657e+02
2.190904439379590656e+02
2.180652201625518103e+02
1.984553178258204298e+02
2.003329589428607562e+02
2.600817454028834277e+02
1.895244961671106125e+02
2.192385823468063677e+02
2.156854530479751872e+02
1.885976150250353385e+02
1.735355041851952080e+02
1.924969084786291660e+02
2.012050737943630452e+02
1.963499878204311528e+02
2.123889751509560710e+02
1.731343495245235715e+02
1.757542220815299743e+02
1.474952107204007348e+02
2.084840230200899782e+02
1.547819631544233232e+02
1.928766560150253042e+02
2.113127875050995499e+02
2.229888420069175936e+02
1.896863225404618163e+02
1.907710465987443627e+02
2.154592513869056916e+02
2.053733278012599044e+02
2.191801246914077126e+02
2.183212095788829004e+02
1.693002757053060634e+02
1.842547612300697040e+02
2.009554031105486729e+02
1.983408832147997884e+02
2.049022327005194484e+02
1.984374926266304158e+02
2.181528928979438433e+02
2.129322668235260494e+02
1.851572542341190797e+02
2.322990944294015776e+02
2.032994602356178007e+02
1.771171929519309174e+02
1.867896880931602936e+02
1.979371987096386363e+02
1.808843672226716706e+02
1.643066973242411848e+02
1.335207462148974287e+02
1.761706040240473499e+02
1.741008301544286780e+02
1.713244723691945808e+02
2.222860254935293369e+02
1.975065209896536089e+02
1.912307066340660526e+02
1.931468578875582693e+02
2.035290882092752724e+02
1.740958164442494649e+02
2.125259246962441182e+02
1.773981278680068669e+02
1.943665784955126696e+02
2.042923787049059854e+02
1.841989882676587342e+02
1.763444819217087627e+02
2.166028580020792731e+02
2.444882507147395927e+02
1.932473854239942455e+02
1.929490415447739906e+02
1.818377052967423424e+02
1.910948905224984742e+02
1.876186917152113836e+02
2.150291082680805346e+02
1.980531692328664235e+02
2.282768759982200208e+02
1.696207587816306273e+02
2.004162699190449075e+02
2.011140060943814092e+02
2.323086765845535524e+02
1.967229222939827764e+02
2.097642969146730252e+02
2.029415996051807554e+02
1.919250659805255737e+02
1.980648638228616107e+02
1.758777003066701354e+02
2.267425688569143745e+02
2.020815202732622993e+02
2.148788054611093798e+02
1.968654048163641050e+02
1.740553994246628804e+02
1.966471638688948644e+02
2.113485699704604883e+02
1.677113645690878343e+02
2.390563336225029616e+02
1.215191271582951202e+02
2.026815025168021975e+02
2.075697108541731382e+02
1.804745015627116800e+02
1.725150511297599678e+02
2.133165685709450656e+02
1.540892148750463662e+02
2.204470585512671903e+02
1.988119407620698098e+02
2.171632035733813382e+02
1.962720998327260702e+02
1.748172026468004105e+02
1.967205312918257789e+02
2.446669366523560711e+02
1.675236249652323863e+02
2.084821463517363611e+02
1.662785165418725342e+02
1.606286351375886738e+02
1.760398773941383013e+02
1.770254060256952755e+02
1.874342600874783500e+02
2.044475274535070071e+02
2.335731360574490054e+02
1.883760141923531251e+02
2.094016233140607426e+02
1.932649969593880428e+02
2.276251757063181458e+02
2.497090858749990048e+02
1.659501746580774579e+02
2.030064594807256810e+02
2.026558192025628671e+02
1.762335081112987609e+02
2.189301899711824717e+02
2.115773875417419276e+02
1.793089262262271291e+02
2.200119187375201193e+02
2.144372149522093025e+02
2.062026592535397072e+02
1.926552674812454882e+02
1.783295960255038608e+02
2.062237814700449690e+02
2.083040757213692018e+02
2.125858015797604708e+02
2.027660823545146513e+02
2.339528283776844830e+02
2.101372205460156692e+02
1.899007969217711889e+02
1.824156631428190281e+02
2.150713403775492054e+02
1.842405194011572291e+02
1.784154385853992721e+02
1.797057660339575875e+02
2.344743475017932042e+02
1.732663072181173334e+02
2.213658328689812151e+02
1.838674610004168528e+02
1.940946296430825271e+02
1.833346992831190789e+02
2.274995718939763378e+02
2.425273720340635180e+02
1.986637551780739841e+02
2.390559051855042298e+02
1.811946728641954962e+02
1.960994587160417666e+02
1.874150939392617659e+02
2.004970824557087781e+02
1.694244277468383757e+02
2.297349616900771991e+02
1.737538254659331471e+02
1.787377795188411937e+02
1.579457279650034138e+02
1.630690000320330739e+02
1.842453688006536652e+02
1.746607026440221659e+02
2.260327252856087910e+02
2.460672108559194271e+02
1.787315195383339415e+02
1.910204439636678160e+02
1.855614383700703058e+02
2.026683092730557689e+02
2.257318842678164401e+02
1.712304046047892996e+02
1.817511612187088872e+02
2.119682516903582439e+02
2.268397409768068371e+02
2.214946437760501396e+02
2.223591640978083888e+02
1.917075507813355841e+02
2.210114944610451175e+02
1.691433274497778712e+02
1.841847104687258820e+02
1.683924832381609633e+02
1.730398078497026120e+02
1.790330088378304367e+02
1.828878378963995317e+02
1.814733862695457560e+02
1.615819420579992141e+02
1.683941043850331312e+02
2.198096700535694765e+02
1.913760113512381338e+02
2.233075670191355186e+02
2.098334122244499440e+02
2.474487968314676607e+02
1.752377331705879442e+02
2.336822087730831186e+02
1.914291995089835439e+02
1.680615497886939806e+02
2.286528881956977557e+02
2.059786456440882318e+02
2.153064603740342022e+02
2.110952504709464392e+02
2.196154137042851175e+02
2.381288842666614300e+02
1.891975306056191357e+02
1.982469766214151434e+02
2.340349372741478362e+02
2.122695993526701557e+02
1.961235383108085841e+02
1.873324541635199125e+02
2.097035318139474214e+02
1.744420987618096888e+02
2.070008052487293924e+02
1.646244739233974599e+02
1.720274451276999343e+02
1.915664733614043769e+02
2.218963556799056960e+02
2.491211196464564068e+02
1.998093846187282452e+02
2.152617938792709822e+02
2.236291977813189931e+02
1.908784332551193188e+02
2.002069745918303170e+02
1.948323519994990534e+02
1.710672317260803084e+02
2.167479827288810839e+02
1.892119202220196996e+02
2.028222168918318857e+02
2.078640056612741205e+02
2.001571363482594847e+02
1.867837183932983862e+02
2.644709512079177216e+02
2.036894725839225657e+02
1.770426184058950980e+02
2.200175814740502460e+02
1.580987087214593032e+02
1.940209725643178729e+02
1.964313788689374292e+02
1.785716159521236079e+02
