99
38
88
89
35
120
58
92
56
196
48
135
27
43
30
112
65
98
74
51
62
69
56
79
89
182
78
188
68
131
53
58
85
70
68
101
32
115
133
96
83
107
76
75
68
100
60
90
106
125
26
134
81
121
76
43
36
50
38
12
95
77
41
50
83
121
31
30
149
66
90
46
162
30
76
43
73
124
82
52
73
146
61
110
53
21
36
67
108
97
41
134
39
32
89
81
31
109
60
125
53
27
166
67
58
73
94
81
60
95
168
28
45
38
107
53
136
137
42
43
68
90
100
63
64
53
53
90
128
75
60
80
105
75
22
85
71
51
75
54
68
66
68
88
83
100
60
90
149
78
104
148
96
45
98
61
72
43
17
62
60
97
52
65
56
82
53
69
72
60
77
31
146
70
109
109
43
63
63
84
136
74
72
59
97
96
59
44
73
111
61
113
83
88
83
80
32
78
73
87
94
119
31
59
87
64
118
79
125
66
45
91
46
102
72
67
43
75
53
101
60
53
175
29
53
89
56
44
65
99
28
94
76
89
46
69
179
57
134
71
36
133
76
79
79
81
66
52
100
92
47
48
60
60
110
54
85
39
171
86
66
75
77
99
50
83
65
48
49
92
65
85
74
70
75
79
85
87
41
89
75
90
81
39
69
83
163
41
115
138
74
138
146
120
77
116
55
52
61
53
69
125
45
100
57
102
67
61
71
178
35
106
76
20
46
143
162
79
86
122
80
97
62
37
20
150
139
88
69
93
59
80
67
106
116
70
59
116
16
54
72
78
45
107
81
79
90
73
82
106
139
19
40
55
64
136
64
69
78
92
73
67
103
90
81
42
39
59
47
83
112
84
82
86
54
144
94
41
86
88
35
58
57
41
39
78
46
23
68
57
115
152
40
119
29
115
40
48
50
74
25
92
81
109
67
34
84
70
56
68
32
41
129
60
95
83
83
79
102
73
48
102
34
35
46
86
129
40
82
64
42
73
70
113
61
47
62
38
107
131
64
71
118
30
121
83
58
45
31
184
37
75
10
105
87
32
68
89
88
103
116
44
46
96
37
41
39
67
32
98
59
148
84
77
93
57
75
155
148
54
65
51
131
25
50
27
123
84
88
67
110
93
99
96
58
91
62
62
40
80
81
67
98
86
44
69
61
58
63
47
86
149
110
57
229
64
60
57
38
111
115
92
99
81
50
99
41
70
77
47
88
34
74
26
35
53
62
129
53
18
57
111
60
102
56
94
94
47
68
66
96
52
103
82
91
77
44
39
47
81
81
47
94
80
41
49
102
101
65
127
14
30
61
48
24
86
104
50
74
41
38
54
162
74
85
77
47
102
28
81
55
95
31
61
82
22
56
109
97
24
131
186
130
33
27
43
90
81
47
44
58
133
44
134
59
60
75
47
84
54
121
91
59
39
106
70
66
47
46
78
169
50
67
47
60
92
92
182
113
57
152
66
37
79
59
25
123
51
80
86
56
144
95
113
59
59
54
108
77
70
138
53
141
64
57
59
99
48
35
88
91
59
77
59
57
52
19
46
149
35
123
82
93
58
118
58
107
55
44
57
203
49
39
91
81
174
50
112
64
54
48
44
38
101
49
65
65
89
69
54
96
52
53
77
60
43
115
62
161
103
75
60
97
95
38
76
52
139
96
79
97
106
69
59
63
43
71
64
76
114
60
151
34
44
28
55
105
45
91
62
126
58
38
57
93
123
55
83
27
87
79
63
115
112
73
63
74
40
90
23
53
39
121
42
21
97
38
90
112
91
80
89
75
47
117
53
109
93
80
115
56
31
93
71
54
64
141
72
20
47
20
50
32
53
43
100
20
101
58
103
58
62
83
91
88
121
175
32
27
61
55
176
199
159
235
135
56
23
143
62
72
45
85
102
55
103
80
86
131
73
111
52
66
101
137
31
69
153
49
64
41
23
80
48
138
70
67
59
70
56
46
63
71
72
23
49
111
77
123
101
75
64
46
58
74
72
99
49
95
133
137
93
91
46
74
81
67
99
63
99
25
119
56
57
107
92
59
21
53
102
64
95
153
19
82
60
69
96
52
78
65
39
81
71
75
81
81
48
114
58
132
46
77
63
78
57
109
95
80
40
29
33
51
84
54
63
47
66
85
73
101
61
84
38
63
107
47
113
79
110
104
67
63
94
56
19
47
72
148
25
136
51
54
98
63
57
87
93
98
19
13
92
93
90
28
97
47
67
79
46
92
75
94
145
21
72
102
16
58
54
88
28
72
91
105
30
21
32
83
57
